0000100100 1 11.6 11.6
1011111001 1 16.6 16.6
1010011001 1 16.6 16.6
0010010100 1 13.3 13.3
1010111010 1 14.9 14.9
0100100001 1 14.9 14.9
0101011100 1 13.3 13.3
1011110011 1 16.6 16.6
1100011010 1 16.6 16.6
0111101101 1 14.9 14.9
0110101000 1 14.9 14.9
1100010111 1 14.9 14.9
0111011001 1 16.6 16.6
0111110111 1 13.3 13.3
0100101010 1 14.9 14.9
0010001100 1 16.6 16.6
1001001101 1 16.6 16.6
1110010111 1 14.9 14.9
1110101010 1 11.6 11.6
1101100111 1 14.9 14.9
1010110001 1 16.6 16.6
1101010001 1 13.3 13.3
1010010011 1 13.3 13.3
0001010010 1 14.9 14.9
1011010010 1 16.6 16.6
0100010100 1 14.9 14.9
1111101001 1 14.9 14.9
0100100000 1 13.3 13.3
0100001000 1 14.9 14.9
0100100010 1 16.6 16.6
1011111011 1 14.9 14.9
1011101010 1 14.9 14.9
0101110101 1 14.9 14.9
1111101010 1 11.6 11.6
1111101011 1 11.6 11.6
0010001000 1 11.6 11.6
1010011010 1 16.6 16.6
1001010100 1 13.3 13.3
0101101111 1 13.3 13.3
0110011111 1 14.9 14.9
0110110011 1 16.6 16.6
0010101010 1 10.0 10.0
0101010110 1 13.3 13.3
0011000100 1 16.6 16.6
1010000100 1 14.9 14.9
0100011010 1 16.6 16.6
1101110110 1 14.9 14.9
1001010000 1 14.9 14.9
0110111110 1 14.9 14.9
1001110111 1 14.9 14.9
0111110101 1 13.3 13.3
1101010110 1 13.3 13.3
0101001010 1 13.3 13.3
0101010001 1 13.3 13.3
0101101110 1 14.9 14.9
1010101110 1 13.3 13.3
1100110111 1 14.9 14.9
1000010101 1 13.3 13.3
0100000010 1 16.6 16.6
1110111101 1 14.9 14.9
0101111010 1 16.6 16.6
0100110011 1 14.9 14.9
0000101000 1 13.3 13.3
0001011000 1 14.9 14.9
0101011011 1 13.3 13.3
1101101111 1 11.6 11.6
0001101001 1 16.6 16.6
0110110101 1 14.9 14.9
1100101011 1 13.3 13.3
0110011010 1 16.6 16.6
1001000101 1 14.9 14.9
1011110001 1 16.6 16.6
1111011110 1 11.6 11.6
1001101111 1 14.9 14.9
1010010111 1 14.9 14.9
0110010100 1 16.6 16.6
1010100000 1 11.6 11.6
0110110111 1 11.6 11.6
1101010101 1 10.0 10.0
1011111010 1 16.6 16.6
0111010101 1 13.3 13.3
0001000100 1 11.6 11.6
1101110011 1 16.6 16.6
0110111111 1 13.3 13.3
1001111011 1 16.6 16.6
1000100100 1 13.3 13.3
1000000010 1 13.3 13.3
0011010101 1 13.3 13.3
0111010010 1 16.6 16.6
0010010010 1 11.6 11.6
1110101001 1 14.9 14.9
1111100101 1 14.9 14.9
0110101111 1 14.9 14.9
1001001010 1 14.9 14.9
0001100101 1 16.6 16.6
1111001111 1 13.3 13.3
1101111001 1 16.6 16.6
1001011001 1 16.6 16.6
1001110101 1 16.6 16.6
0010101100 1 13.3 13.3
1110011001 1 13.3 13.3
1011010111 1 14.9 14.9
0001001001 1 11.6 11.6
0010101101 1 14.9 14.9
0000010001 1 13.3 13.3
1110101111 1 13.3 13.3
0100001001 1 16.6 16.6
0001010000 1 13.3 13.3
0100000100 1 14.9 14.9
0100110100 1 14.9 14.9
1000011010 1 16.6 16.6
1000001010 1 13.3 13.3
0010010101 1 13.3 13.3
1010100001 1 13.3 13.3
0101101001 1 16.6 16.6
1010011110 1 16.6 16.6
1000110100 1 16.6 16.6
0110110010 1 16.6 16.6
1001010111 1 14.9 14.9
1001011101 1 16.6 16.6
1001110010 1 16.6 16.6
1001101000 1 14.9 14.9
1010010010 1 13.3 13.3
0111101110 1 14.9 14.9
1010101001 1 13.3 13.3
0001010110 1 14.9 14.9
0010000010 1 14.9 14.9
0101001011 1 13.3 13.3
1110110110 1 11.6 11.6
0000001010 1 11.6 11.6
1101001010 1 13.3 13.3
1110101110 1 14.9 14.9
1101111011 1 13.3 13.3
0001010001 1 14.9 14.9
1010011000 1 16.6 16.6
1100101111 1 14.9 14.9
1101010011 1 13.3 13.3
1011100101 1 16.6 16.6
0001100100 1 14.9 14.9
1110100111 1 14.9 14.9
1011000101 1 18.3 18.3
1010000110 1 16.6 16.6
1010101111 1 11.6 11.6
1001010011 1 16.6 16.6
1111010011 1 14.9 14.9
0001000010 2 14.9 14.9
1010000101 2 16.6 16.6
1011110111 2 14.9 14.9
1101111010 2 14.9 14.9
1011011111 2 13.3 13.3
0101011110 2 13.3 13.3
1111100111 2 13.3 13.3
1001111101 2 16.6 16.6
1010001011 2 14.9 14.9
0010100100 2 13.3 13.3
0010101000 2 11.6 11.6
0100101001 2 16.6 16.6
0100010011 2 16.6 16.6
1100101010 2 13.3 13.3
0110011110 2 14.9 14.9
0110100010 2 16.6 16.6
0100101011 2 14.9 14.9
0101000110 2 16.6 16.6
1000101101 2 16.6 16.6
0111101010 2 13.3 13.3
1010010110 2 16.6 16.6
1100110011 2 13.3 13.3
1010111110 2 13.3 13.3
1010110111 2 13.3 13.3
1010010000 2 13.3 13.3
0000100101 2 13.3 13.3
1010101101 2 14.9 14.9
0000000010 2 11.6 11.6
0101000011 2 14.9 14.9
0010011001 2 14.9 14.9
0011010100 2 13.3 13.3
1010100010 2 14.9 14.9
1010010001 2 14.9 14.9
0001110101 2 14.9 14.9
1000101011 2 13.3 13.3
0000110010 2 16.6 16.6
1000111010 2 16.6 16.6
0010110101 2 13.3 13.3
1010100111 2 14.9 14.9
0010011000 2 14.9 14.9
0001101000 2 14.9 14.9
0100001101 2 18.3 18.3
0110010001 2 16.6 16.6
0000101010 2 11.6 11.6
1010111100 2 14.9 14.9
1110001010 2 14.9 14.9
1001101101 2 16.6 16.6
0101010101 2 10.0 10.0
0010010000 2 11.6 11.6
0110001010 2 16.6 16.6
1010000010 2 16.6 16.6
1110010101 2 14.9 14.9
1111010110 2 14.9 14.9
0010101110 2 13.3 13.3
1011101000 2 14.9 14.9
1111001101 2 16.6 16.6
1011011110 2 14.9 14.9
0110101011 2 13.3 13.3
0101010111 2 11.6 11.6
1101100011 2 14.9 14.9
0000001000 2 11.6 11.6
0100011001 2 16.6 16.6
0000101001 2 14.9 14.9
1110011010 2 16.6 16.6
1011001011 2 14.9 14.9
0101001111 2 14.9 14.9
1010001110 2 16.6 16.6
1001110011 2 14.9 14.9
1111110110 2 13.3 13.3
1001001000 2 11.6 11.6
1010100100 2 13.3 13.3
1011110010 2 18.3 18.3
0001010101 2 11.6 11.6
1000001000 2 13.3 13.3
1000110110 2 16.6 16.6
0101100110 2 16.6 16.6
0101010011 2 13.3 13.3
1010110100 2 13.3 13.3
1111001011 2 14.9 14.9
0110111010 2 14.9 14.9
0010010110 2 14.9 14.9
1011001001 2 16.6 16.6
1011011000 2 14.9 14.9
0001000000 2 11.6 11.6
0100000110 2 16.6 16.6
0011010110 2 16.6 16.6
0010110000 2 14.9 14.9
0110111101 2 16.6 16.6
0001001101 2 14.9 14.9
0101000101 2 14.9 14.9
1000100010 2 13.3 13.3
0100011000 2 14.9 14.9
0110010110 2 16.6 16.6
0110010111 2 14.9 14.9
0001011010 2 14.9 14.9
0111101111 2 11.6 11.6
0111001010 2 16.6 16.6
1110001101 2 14.9 14.9
0111101001 2 16.6 16.6
0110110110 2 13.3 13.3
0100010110 2 16.6 16.6
1100011001 2 14.9 14.9
1100111111 2 13.3 13.3
1000110011 2 16.6 16.6
1011100010 2 16.6 16.6
1010110010 2 16.6 16.6
0000101101 2 14.9 14.9
1011111101 2 16.6 16.6
1010011011 2 14.9 14.9
1010110011 2 16.6 16.6
1001100011 2 14.9 14.9
1001011011 2 14.9 14.9
0010001101 2 18.3 18.3
1110010110 2 16.6 16.6
0110011101 2 16.6 16.6
1110100101 2 14.9 14.9
0000110100 2 14.9 14.9
0011000101 2 16.6 16.6
1000001101 2 14.9 14.9
1110111110 2 13.3 13.3
0001010011 2 14.9 14.9
1001010101 2 13.3 13.3
1010101100 3 13.3 13.3
0111010001 3 16.6 16.6
0101011111 3 11.6 11.6
0110001001 3 18.3 18.3
0101000001 3 13.3 13.3
1100010010 3 14.9 14.9
0001101010 3 14.9 14.9
1001110100 3 16.6 16.6
0101101100 3 13.3 13.3
0111001101 3 18.3 18.3
1001000011 3 14.9 14.9
1101101010 3 13.3 13.3
0101110100 3 14.9 14.9
1010100101 3 13.3 13.3
1101111110 3 13.3 13.3
0011001001 3 16.6 16.6
0000100110 3 14.9 14.9
0001001100 3 14.9 14.9
0111010100 3 13.3 13.3
1000010001 3 14.9 14.9
0011011010 3 13.3 13.3
0100100011 3 14.9 14.9
1000000101 3 13.3 13.3
0101111011 3 14.9 14.9
0011010011 3 16.6 16.6
1001011110 3 16.6 16.6
0010001010 3 14.9 14.9
1000001001 3 14.9 14.9
0111111010 3 13.3 13.3
1111110111 3 11.6 11.6
0111001001 3 16.6 16.6
0100111000 3 14.9 14.9
0010000001 3 13.3 13.3
0100011101 3 16.6 16.6
0011001100 3 13.3 13.3
1000100000 3 13.3 13.3
0101111111 3 11.6 11.6
1010001001 3 14.9 14.9
1110101100 3 14.9 14.9
0100101110 3 16.6 16.6
1001110001 3 16.6 16.6
1101001101 3 14.9 14.9
1101101001 3 14.9 14.9
1100111010 3 16.6 16.6
0000101100 3 14.9 14.9
0011101001 3 16.6 16.6
1100011101 3 14.9 14.9
1101010010 3 14.9 14.9
0110010010 3 16.6 16.6
1101100101 3 14.9 14.9
1001111001 3 16.6 16.6
0101100001 3 16.6 16.6
0000010110 3 14.9 14.9
0110100101 3 16.6 16.6
1000110010 3 18.3 18.3
1100111011 3 16.6 16.6
1101001111 3 14.9 14.9
1000010000 3 11.6 11.6
0100101111 3 14.9 14.9
0101001101 3 16.6 16.6
0000000101 3 11.6 11.6
0011000010 3 16.6 16.6
0110011011 3 14.9 14.9
0000011010 3 14.9 14.9
0000100010 3 11.6 11.6
0100000001 3 13.3 13.3
0101011001 3 16.6 16.6
0010110100 3 13.3 13.3
1100110110 3 16.6 16.6
1011110110 3 16.6 16.6
0010100001 3 13.3 13.3
1100010001 3 13.3 13.3
1011001000 3 14.9 14.9
0000010101 3 11.6 11.6
0001100010 3 14.9 14.9
0001001011 3 13.3 13.3
1100101001 3 16.6 16.6
1100100100 3 11.6 11.6
1101110111 3 11.6 11.6
1001100101 3 16.6 16.6
1011101100 3 16.6 16.6
0000110001 3 13.3 13.3
0101000111 3 14.9 14.9
1010100011 3 13.3 13.3
1001110110 3 18.3 18.3
1110010011 3 14.9 14.9
0010000110 3 16.6 16.6
0111011010 3 14.9 14.9
0101001000 3 13.3 13.3
1011010011 3 16.6 16.6
0111111011 3 13.3 13.3
1011001110 3 18.3 18.3
0010011101 3 14.9 14.9
1011010001 3 16.6 16.6
1011001111 3 16.6 16.6
0110101101 3 16.6 16.6
1000101000 3 14.9 14.9
1010101011 3 10.0 10.0
0000010000 3 10.0 10.0
0101101010 3 13.3 13.3
0110101010 3 13.3 13.3
0111100101 3 16.6 16.6
1001100110 4 13.3 13.3
1101011110 4 13.3 13.3
1011100110 4 16.6 16.6
0100100111 4 14.9 14.9
1000011000 4 13.3 13.3
0110101110 4 16.6 16.6
1110110100 4 13.3 13.3
0110001100 4 14.9 14.9
0110110001 4 16.6 16.6
0010110011 4 14.9 14.9
1000000110 4 13.3 13.3
1110111010 4 11.6 11.6
0110000100 4 16.6 16.6
1101001001 4 14.9 14.9
0101100011 4 16.6 16.6
0010110110 4 14.9 14.9
0010100110 4 16.6 16.6
1101110010 4 18.3 18.3
0011101010 4 13.3 13.3
0010010011 4 11.6 11.6
0101110001 4 16.6 16.6
1100101110 4 16.6 16.6
0010110111 4 13.3 13.3
0100001011 4 16.6 16.6
1010101000 4 11.6 11.6
0011010001 4 16.6 16.6
0110000101 4 16.6 16.6
0110001000 4 14.9 14.9
0101111110 4 13.3 13.3
0011110110 4 14.9 14.9
1100011011 4 14.9 14.9
0101000100 4 14.9 14.9
0110100111 4 16.6 16.6
1100100010 4 16.6 16.6
0010110010 4 14.9 14.9
0011100101 4 16.6 16.6
0000000110 4 11.6 11.6
0000010100 4 11.6 11.6
0100100110 4 16.6 16.6
0100110101 4 16.6 16.6
0110101001 4 16.6 16.6
1010011111 4 14.9 14.9
1001011100 4 16.6 16.6
1011101110 4 13.3 13.3
1111010010 4 14.9 14.9
1100110010 4 14.9 14.9
0001011001 4 14.9 14.9
1011011100 4 14.9 14.9
0100010111 4 14.9 14.9
0101001110 4 16.6 16.6
0111001110 4 13.3 13.3
0110100000 4 14.9 14.9
1000110000 4 13.3 13.3
0110111001 4 18.3 18.3
1111111101 4 11.6 11.6
1101111100 4 13.3 13.3
1110100110 4 14.9 14.9
0110110100 4 14.9 14.9
0010100011 4 13.3 13.3
1000110101 4 16.6 16.6
0111010011 4 16.6 16.6
1010110000 4 14.9 14.9
1000100110 4 16.6 16.6
0100110111 4 14.9 14.9
1001001011 4 14.9 14.9
0010001011 4 14.9 14.9
1101101110 4 13.3 13.3
0101111100 4 14.9 14.9
0011011011 4 11.6 11.6
1001000110 4 18.3 18.3
1001011000 4 16.6 16.6
0101101101 4 13.3 13.3
0001000001 4 13.3 13.3
1101000110 4 16.6 16.6
0101100100 4 14.9 14.9
0010001001 4 14.9 14.9
0101100010 4 16.6 16.6
0100111011 5 18.3 18.3
0010111010 5 14.9 14.9
1000100011 5 13.3 13.3
0011101110 5 13.3 13.3
1111111010 5 11.6 11.6
0011010000 5 14.9 14.9
0100111110 5 14.9 14.9
1101110100 5 14.9 14.9
0011101101 5 14.9 14.9
1010001101 5 18.3 18.3
1001011111 5 14.9 14.9
0110100001 5 16.6 16.6
0111110011 5 13.3 13.3
1001100100 5 14.9 14.9
0111111001 5 13.3 13.3
0011111010 5 14.9 14.9
1100100110 5 16.6 16.6
1000111001 5 16.6 16.6
1111101110 5 13.3 13.3
1111010001 5 14.9 14.9
0101110110 5 14.9 14.9
1101011000 5 14.9 14.9
0001100000 5 13.3 13.3
1100100111 5 14.9 14.9
0110011001 5 13.3 13.3
1001001100 5 16.6 16.6
0100001100 5 16.6 16.6
1100001010 5 14.9 14.9
1101000101 5 14.9 14.9
0010111011 5 14.9 14.9
0100110001 5 18.3 18.3
1111111011 5 11.6 11.6
1110011111 5 13.3 13.3
0100110010 5 16.6 16.6
0101110010 5 18.3 18.3
1011100001 5 16.6 16.6
1010011101 5 16.6 16.6
1110011110 5 13.3 13.3
0110010000 5 14.9 14.9
0110000000 5 11.6 11.6
0100110110 5 16.6 16.6
0000001001 5 13.3 13.3
1011111111 5 11.6 11.6
1111111001 5 11.6 11.6
1100111110 5 13.3 13.3
0101100000 5 14.9 14.9
1011000010 5 18.3 18.3
0101001100 5 16.6 16.6
0111001111 5 13.3 13.3
0001101101 5 14.9 14.9
0110010011 5 16.6 16.6
1011000100 5 18.3 18.3
1101011001 5 16.6 16.6
1010011100 5 16.6 16.6
1100111001 5 14.9 14.9
0101101000 5 14.9 14.9
1100100011 5 14.9 14.9
1101001100 5 14.9 14.9
1001100010 5 16.6 16.6
1110111111 5 11.6 11.6
0110100011 5 16.6 16.6
0100000011 5 14.9 14.9
0100101100 5 16.6 16.6
0110100100 5 14.9 14.9
1110110001 6 14.9 14.9
0111000101 6 16.6 16.6
1011111110 6 13.3 13.3
1101100001 6 14.9 14.9
0101011000 6 14.9 14.9
0010000000 6 11.6 11.6
0011110101 6 14.9 14.9
0100101101 6 16.6 16.6
0110001011 6 16.6 16.6
0100111001 6 16.6 16.6
0010101011 6 10.0 10.0
0000100001 6 11.6 11.6
0011000001 6 13.3 13.3
1100010101 6 13.3 13.3
1100001001 6 14.9 14.9
1001100111 6 13.3 13.3
0010111101 6 16.6 16.6
0100011100 6 14.9 14.9
0110100110 6 16.6 16.6
1110110010 6 14.9 14.9
0010111001 6 16.6 16.6
0010001110 6 16.6 16.6
0000001100 6 13.3 13.3
0011111101 6 14.9 14.9
1001001110 6 16.6 16.6
1101101100 6 11.6 11.6
1010001100 6 16.6 16.6
0011001000 6 14.9 14.9
1110001011 6 14.9 14.9
0001100110 6 13.3 13.3
0011011001 6 16.6 16.6
0001110100 6 14.9 14.9
0100111101 6 18.3 18.3
1010000001 6 13.3 13.3
1100110100 6 14.9 14.9
1101100110 6 14.9 14.9
1100101000 6 14.9 14.9
1101100010 6 14.9 14.9
1011000110 6 16.6 16.6
0110000010 6 16.6 16.6
1000011001 6 14.9 14.9
0111110110 6 14.9 14.9
0000011000 6 13.3 13.3
0011011101 6 16.6 16.6
1111101111 6 10.0 10.0
0111011110 6 14.9 14.9
0001000011 6 13.3 13.3
1101010100 6 10.0 10.0
0001011100 6 14.9 14.9
1110111100 6 13.3 13.3
1001100001 6 14.9 14.9
0001011101 6 14.9 14.9
0101100111 7 16.6 16.6
1100010110 7 16.6 16.6
0011101011 7 13.3 13.3
0100110000 7 16.6 16.6
1001001111 7 14.9 14.9
1100100101 7 13.3 13.3
1110101000 7 13.3 13.3
1110100010 7 14.9 14.9
0101110011 7 16.6 16.6
1111001001 7 14.9 14.9
0110001101 7 16.6 16.6
1000101100 7 16.6 16.6
1000110001 7 13.3 13.3
1000110111 7 14.9 14.9
0110001110 7 16.6 16.6
1101000100 7 14.9 14.9
1110001001 7 16.6 16.6
1001111111 7 11.6 11.6
1010000000 7 11.6 11.6
0110000001 7 13.3 13.3
0011001101 7 14.9 14.9
1000010011 7 14.9 14.9
0011001011 7 14.9 14.9
1100010011 7 14.9 14.9
1110010010 7 14.9 14.9
1011100100 7 14.9 14.9
1001101100 7 16.6 16.6
1000100101 7 14.9 14.9
0001100001 7 13.3 13.3
1100000010 7 14.9 14.9
0100111111 7 14.9 14.9
1111000101 7 14.9 14.9
1111110011 7 13.3 13.3
1110100011 7 14.9 14.9
1001101001 8 16.6 16.6
0000011001 8 14.9 14.9
0111111110 8 10.0 10.0
0000110000 8 13.3 13.3
0010111000 8 14.9 14.9
0001101100 8 14.9 14.9
0111110100 8 13.3 13.3
0011101000 8 14.9 14.9
0011010111 8 14.9 14.9
0000000100 8 11.6 11.6
0010100111 8 14.9 14.9
0000101011 8 11.6 11.6
0011000110 8 14.9 14.9
1101101000 8 13.3 13.3
1001000001 8 14.9 14.9
1000111011 8 16.6 16.6
0100011110 8 16.6 16.6
1000101111 8 14.9 14.9
1101001110 8 16.6 16.6
1000001011 8 13.3 13.3
1111001010 8 14.9 14.9
0010110001 8 16.6 16.6
1100001101 8 16.6 16.6
0011100010 8 14.9 14.9
0010010111 9 13.3 13.3
0110011100 9 14.9 14.9
1101000111 9 14.9 14.9
1000010110 9 16.6 16.6
1100110001 9 16.6 16.6
0001110010 9 14.9 14.9
1011000001 9 14.9 14.9
1100011110 9 14.9 14.9
0110000110 9 16.6 16.6
1000100001 9 14.9 14.9
0010011011 9 13.3 13.3
0100011011 9 14.9 14.9
1011001100 9 14.9 14.9
1100100001 9 14.9 14.9
1000000001 9 10.0 10.0
0110111100 9 14.9 14.9
1011110100 9 16.6 16.6
0110011000 9 13.3 13.3
0100000000 9 11.6 11.6
0001111010 9 14.9 14.9
0011110111 9 13.3 13.3
0001110110 9 16.6 16.6
1000011011 9 14.9 14.9
1101010000 9 11.6 11.6
0100001110 9 16.6 16.6
0111010000 9 14.9 14.9
0000110110 9 14.9 14.9
1101110001 9 16.6 16.6
0000100000 9 10.0 10.0
1100011111 9 13.3 13.3
1000001100 10 13.3 13.3
1110000101 10 14.9 14.9
1110010001 10 16.6 16.6
1100010100 10 13.3 13.3
1011100011 10 14.9 14.9
0010011100 10 14.9 14.9
1000111101 10 16.6 16.6
0011101100 10 14.9 14.9
0001110001 10 14.9 14.9
1101000010 10 16.6 16.6
1100101100 10 16.6 16.6
0111101100 10 14.9 14.9
1100010000 10 11.6 11.6
0000110101 10 14.9 14.9
1000011101 10 16.6 16.6
0001101011 10 14.9 14.9
1010111000 10 14.9 14.9
0000111010 11 14.9 14.9
1011111100 11 14.9 14.9
1111110100 11 11.6 11.6
1101111111 11 11.6 11.6
1100001000 11 13.3 13.3
1101001000 11 13.3 13.3
0011001110 11 16.6 16.6
0110110000 11 14.9 14.9
0011100100 11 14.9 14.9
1100000101 11 14.9 14.9
0011011000 11 14.9 14.9
0011110100 11 14.9 14.9
0111110001 11 13.3 13.3
0111001000 11 14.9 14.9
0111110010 11 14.9 14.9
0000100011 11 11.6 11.6
0010111110 11 13.3 13.3
1101000001 11 13.3 13.3
1011000011 11 16.6 16.6
1000010111 11 14.9 14.9
1111001110 12 13.3 13.3
0011110010 12 16.6 16.6
0000001101 12 14.9 14.9
0100111100 12 16.6 16.6
0001011011 12 13.3 13.3
1100001011 12 14.9 14.9
1110001111 12 13.3 13.3
1001100000 12 14.9 14.9
1101100100 12 13.3 13.3
1010000011 12 14.9 14.9
0111100111 12 13.3 13.3
0111100110 12 14.9 14.9
1010001111 12 14.9 14.9
0011111011 12 13.3 13.3
1110010100 13 14.9 14.9
0101111000 13 14.9 14.9
1001111100 13 14.9 14.9
0001100011 13 13.3 13.3
1111110010 13 14.9 14.9
1111100110 13 14.9 14.9
1110011100 13 13.3 13.3
0001010111 13 13.3 13.3
0010011110 13 14.9 14.9
1111111111 13 3.3 3.3
1111011100 13 11.6 11.6
0111011100 14 13.3 13.3
1110100100 14 13.3 13.3
0011111001 14 14.9 14.9
1001000111 14 16.6 16.6
1010000111 14 14.9 14.9
1100011000 14 13.3 13.3
1101000011 14 14.9 14.9
1001111110 14 13.3 13.3
1000100111 14 16.6 16.6
0111000100 14 16.6 16.6
1000111000 14 14.9 14.9
0010000011 15 13.3 13.3
1000111110 15 13.3 13.3
1001000000 15 13.3 13.3
0000101110 15 14.9 14.9
0111001100 15 16.6 16.6
1011000111 15 14.9 14.9
0011000000 15 13.3 13.3
0111000001 16 13.3 13.3
0101110000 16 14.9 14.9
1100111100 16 14.9 14.9
0011011100 16 14.9 14.9
1111101100 16 13.3 13.3
1111110001 16 11.6 11.6
1100110000 16 14.9 14.9
1100011100 16 13.3 13.3
1001111000 16 14.9 14.9
0000111001 16 14.9 14.9
0011100110 16 14.9 14.9
0001011110 17 14.9 14.9
1111010100 17 11.6 11.6
0111000010 17 16.6 16.6
1011010000 17 14.9 14.9
0111101000 17 14.9 14.9
0110111000 17 16.6 16.6
1011000000 17 14.9 14.9
0011000011 17 14.9 14.9
0111111100 17 11.6 11.6
0001001110 17 14.9 14.9
0011011110 17 14.9 14.9
0000110011 18 14.9 14.9
0000010011 18 13.3 13.3
1100000100 18 13.3 13.3
1111001100 18 14.9 14.9
1001110000 18 14.9 14.9
0111100100 18 14.9 14.9
0010101111 19 11.6 11.6
1110100001 19 14.9 14.9
0111011000 19 16.6 16.6
0010111111 20 11.6 11.6
0100011111 20 14.9 14.9
0110001111 20 14.9 14.9
0001101110 20 16.6 16.6
0000011100 20 13.3 13.3
1000011100 20 14.9 14.9
0011101111 20 11.6 11.6
0111100001 21 13.3 13.3
1101000000 21 11.6 11.6
0010111100 21 14.9 14.9
0011110011 21 14.9 14.9
0000011101 21 14.9 14.9
1111000111 22 13.3 13.3
0001111101 22 14.9 14.9
0011011111 23 13.3 13.3
0011100001 23 14.9 14.9
0000111000 23 13.3 13.3
1100111000 23 13.3 13.3
1011100000 23 14.9 14.9
0111000110 23 16.6 16.6
1100100000 23 13.3 13.3
0001111001 24 14.9 14.9
1000001110 24 13.3 13.3
1000111111 24 11.6 11.6
0110000011 24 14.9 14.9
1100000110 24 14.9 14.9
1110001000 25 13.3 13.3
1011111000 25 14.9 14.9
1110001110 25 14.9 14.9
0111100011 25 14.9 14.9
0000001011 25 11.6 11.6
1101111000 25 14.9 14.9
1111100011 25 13.3 13.3
1000111100 26 14.9 14.9
0111000011 26 14.9 14.9
1100001100 27 14.9 14.9
1110111000 28 13.3 13.3
0001111011 28 14.9 14.9
0001110111 28 13.3 13.3
0111000111 28 14.9 14.9
1101100000 28 13.3 13.3
0011110001 29 14.9 14.9
1110001100 29 13.3 13.3
0011100011 30 13.3 13.3
0100000111 31 14.9 14.9
0000111011 31 14.9 14.9
0001110011 31 13.3 13.3
1100000001 32 11.6 11.6
0000011011 32 13.3 13.3
0011111110 32 11.6 11.6
1000011110 32 13.3 13.3
1011110000 32 14.9 14.9
1110000100 33 14.9 14.9
0011100000 33 13.3 13.3
1111100100 33 13.3 13.3
1000000011 33 11.6 11.6
0001110000 35 13.3 13.3
1110000110 36 14.9 14.9
0011001111 36 14.9 14.9
0110000111 37 14.9 14.9
0000111101 37 14.9 14.9
1000000000 37 8.3 8.3
1110011000 38 13.3 13.3
0011100111 38 13.3 13.3
1101110000 39 14.9 14.9
0100001111 39 14.9 14.9
1100001110 39 14.9 14.9
0111111111 39 8.3 8.3
1111000110 39 14.9 14.9
0010000111 39 14.9 14.9
1111111110 40 8.3 8.3
0001100111 41 13.3 13.3
1111100010 42 14.9 14.9
1110010000 42 14.9 14.9
1111000100 42 14.9 14.9
1100001111 43 13.3 13.3
1111100001 43 11.6 11.6
0111100010 43 16.6 16.6
0001000111 47 13.3 13.3
0010011111 47 13.3 13.3
0000001110 47 11.6 11.6
1110000010 49 14.9 14.9
0011000111 49 13.3 13.3
0000000001 52 8.3 8.3
0111000000 52 11.6 11.6
0000111100 52 13.3 13.3
0001111000 53 13.3 13.3
0010001111 54 14.9 14.9
0001101111 54 14.9 14.9
0000100111 55 14.9 14.9
1110000111 56 13.3 13.3
1111000011 56 13.3 13.3
1111001000 57 13.3 13.3
1000011111 60 11.6 11.6
1111101000 62 13.3 13.3
0000010111 67 13.3 13.3
1111000010 69 14.9 14.9
1110110000 70 13.3 13.3
0011110000 71 13.3 13.3
0011111111 72 10.0 10.0
0000110111 75 13.3 13.3
1100000011 77 13.3 13.3
1111111100 81 10.0 10.0
0011111100 82 13.3 13.3
0001001111 84 13.3 13.3
1100000111 84 13.3 13.3
0000000011 86 10.0 10.0
1110100000 87 13.3 13.3
1000000111 87 11.6 11.6
1111011000 87 14.9 14.9
1110000011 89 13.3 13.3
0111111000 90 11.6 11.6
0001011111 92 13.3 13.3
0011111000 93 13.3 13.3
0000011110 94 11.6 11.6
1000001111 95 11.6 11.6
1111000001 96 11.6 11.6
1110000001 100 11.6 11.6
0001111100 105 13.3 13.3
0000111110 112 11.6 11.6
1100000000 118 10.0 10.0
0001111110 119 11.6 11.6
0000101111 121 13.3 13.3
1111010000 125 13.3 13.3
0111110000 131 11.6 11.6
0111100000 177 11.6 11.6
1111111000 229 10.0 10.0
0001111111 341 10.0 10.0
1110000000 379 10.0 10.0
0000000111 405 10.0 10.0
1111110000 621 10.0 10.0
0000111111 1088 10.0 10.0
1111000000 1115 10.0 10.0
0000001111 1879 10.0 10.0
0000000000 2034 3.3 3.3
1111100000 2051 10.0 10.0
0000011111 2591 10.0 10.0