0101111000 2 14.9 14.9
0101111100 2 14.9 14.9
0101110100 3 14.9 14.9
1000110010 3 18.3 18.3
0000111011 3 14.9 14.9
0000111101 3 14.9 14.9
1001110010 3 16.6 16.6
0100110111 3 14.9 14.9
0010110001 3 16.6 16.6
1000110011 3 16.6 16.6
0111000101 4 16.6 16.6
0000110011 4 14.9 14.9
1000010110 4 16.6 16.6
1110101010 4 11.6 11.6
0101010110 4 13.3 13.3
0001011011 4 13.3 13.3
0000101110 4 14.9 14.9
0010100010 4 14.9 14.9
1110101100 4 14.9 14.9
0011001010 4 16.6 16.6
0011100101 4 16.6 16.6
0100011001 4 16.6 16.6
0000011010 4 14.9 14.9
0101010010 4 14.9 14.9
0100001001 4 16.6 16.6
0010011110 4 14.9 14.9
0011010110 4 16.6 16.6
1000100010 4 13.3 13.3
0010010001 4 13.3 13.3
1011100010 4 16.6 16.6
0000101101 4 14.9 14.9
0001000011 4 13.3 13.3
0011010010 4 16.6 16.6
1011100110 5 16.6 16.6
0011101101 5 14.9 14.9
0001010010 5 14.9 14.9
0100111100 5 16.6 16.6
0011010011 5 16.6 16.6
0110001101 5 16.6 16.6
0010110110 5 14.9 14.9
0010010011 5 11.6 11.6
0100011101 5 16.6 16.6
1100001001 5 14.9 14.9
0100000010 5 16.6 16.6
0101011011 5 13.3 13.3
1001110001 5 16.6 16.6
0001101001 5 16.6 16.6
0000110010 5 16.6 16.6
0011101000 5 14.9 14.9
0011010001 5 16.6 16.6
0011010101 5 13.3 13.3
0000101011 5 11.6 11.6
0101011101 5 14.9 14.9
1001010010 5 16.6 16.6
1000010011 5 14.9 14.9
0001111010 5 14.9 14.9
1010100100 5 13.3 13.3
0010101101 5 14.9 14.9
0111000100 5 16.6 16.6
0000010010 5 13.3 13.3
0110110100 5 14.9 14.9
0000110110 5 14.9 14.9
1000000011 5 11.6 11.6
0100010110 5 16.6 16.6
0011100010 5 14.9 14.9
1001010011 5 16.6 16.6
0001000010 6 14.9 14.9
0010111010 6 14.9 14.9
0110010101 6 16.6 16.6
0011011010 6 13.3 13.3
0100010100 6 14.9 14.9
0110110001 6 16.6 16.6
0010110011 6 14.9 14.9
0111101000 6 14.9 14.9
1011101010 6 14.9 14.9
1000111001 6 16.6 16.6
0110110000 6 14.9 14.9
0010011100 6 14.9 14.9
0010111101 6 16.6 16.6
0100101110 6 16.6 16.6
1100101011 6 13.3 13.3
0010110101 6 13.3 13.3
1001110000 6 14.9 14.9
1001000101 6 14.9 14.9
1100101101 6 16.6 16.6
0001101111 6 14.9 14.9
0010010010 6 11.6 11.6
0001110111 6 13.3 13.3
1011110100 6 16.6 16.6
1110100001 6 14.9 14.9
0001110100 6 14.9 14.9
0101010011 6 13.3 13.3
0100110100 6 14.9 14.9
0111100010 6 16.6 16.6
0000010101 6 11.6 11.6
1101010000 6 11.6 11.6
1000001011 6 13.3 13.3
0101000111 6 14.9 14.9
0001011010 6 14.9 14.9
0010001001 6 14.9 14.9
0000110100 6 14.9 14.9
1010000101 7 16.6 16.6
0000111010 7 14.9 14.9
1001111010 7 16.6 16.6
0100111011 7 18.3 18.3
1010001011 7 14.9 14.9
0011101011 7 13.3 13.3
1110010001 7 16.6 16.6
1010110001 7 16.6 16.6
0111000010 7 16.6 16.6
1010001101 7 18.3 18.3
0010011011 7 13.3 13.3
0011111010 7 14.9 14.9
0001000101 7 11.6 11.6
0101100011 7 16.6 16.6
1101110010 7 18.3 18.3
0100011010 7 16.6 16.6
0100111001 7 16.6 16.6
0101110001 7 16.6 16.6
0011100001 7 14.9 14.9
0010111000 7 14.9 14.9
0011011100 7 14.9 14.9
0100110011 7 14.9 14.9
1000110111 7 14.9 14.9
1011000111 7 14.9 14.9
0100001011 7 16.6 16.6
0111110100 7 13.3 13.3
0011110100 7 14.9 14.9
1001000111 7 16.6 16.6
0000101010 7 11.6 11.6
0010111001 7 16.6 16.6
1100110000 7 14.9 14.9
0011110110 7 14.9 14.9
0111110010 7 14.9 14.9
1010000010 7 16.6 16.6
0010110010 7 14.9 14.9
0110111100 7 14.9 14.9
0111101100 7 14.9 14.9
0001100101 7 16.6 16.6
1100111000 7 13.3 13.3
0110011011 7 14.9 14.9
0011110111 7 13.3 13.3
0000010001 7 13.3 13.3
1010000011 7 14.9 14.9
0010010101 7 13.3 13.3
0001100010 7 14.9 14.9
0001010110 7 14.9 14.9
0101001011 7 13.3 13.3
0001100001 7 13.3 13.3
0111001010 7 16.6 16.6
1101100010 7 14.9 14.9
0010111110 7 13.3 13.3
1011110000 7 14.9 14.9
1101000001 7 13.3 13.3
1001100011 7 14.9 14.9
1011010001 7 16.6 16.6
1001100010 7 16.6 16.6
0010001101 7 18.3 18.3
0100000011 7 14.9 14.9
1101010100 7 10.0 10.0
1011000101 7 18.3 18.3
0011000101 7 16.6 16.6
0001000110 7 14.9 14.9
0010010111 8 13.3 13.3
0111010001 8 16.6 16.6
0001001010 8 13.3 13.3
0001011110 8 14.9 14.9
0100101001 8 16.6 16.6
0001110010 8 14.9 14.9
0000101111 8 13.3 13.3
0010111100 8 14.9 14.9
0101110111 8 11.6 11.6
0000100110 8 14.9 14.9
0111000001 8 13.3 13.3
0100111110 8 14.9 14.9
1000010001 8 14.9 14.9
1011010000 8 14.9 14.9
1000000101 8 13.3 13.3
0101011000 8 14.9 14.9
1000010010 8 14.9 14.9
0100111010 8 18.3 18.3
0011110101 8 14.9 14.9
0100011011 8 14.9 14.9
0010100110 8 16.6 16.6
0100100101 8 13.3 13.3
1100010101 8 13.3 13.3
0111001100 8 16.6 16.6
0101111010 8 16.6 16.6
1000101011 8 13.3 13.3
1100111010 8 16.6 16.6
0011101100 8 14.9 14.9
1110001001 8 16.6 16.6
0100001101 8 18.3 18.3
0110010001 8 16.6 16.6
1101100101 8 14.9 14.9
1011100001 8 16.6 16.6
0000010100 8 11.6 11.6
1100111011 8 16.6 16.6
0100110101 8 16.6 16.6
0011000110 8 14.9 14.9
0011000011 8 14.9 14.9
1101111001 8 16.6 16.6
0100010111 8 14.9 14.9
0101011001 8 16.6 16.6
1100110110 8 16.6 16.6
0000001011 8 11.6 11.6
0010000111 8 14.9 14.9
1000110101 8 16.6 16.6
0010010110 8 14.9 14.9
1000110100 8 16.6 16.6
1010110000 8 14.9 14.9
0000110101 8 14.9 14.9
0111010000 8 14.9 14.9
1000100101 8 14.9 14.9
1110010011 8 14.9 14.9
0101111101 8 16.6 16.6
1011010011 8 16.6 16.6
1011101001 8 16.6 16.6
1000101000 8 14.9 14.9
0001100100 8 14.9 14.9
0101100010 8 16.6 16.6
0001010011 8 14.9 14.9
0000100111 9 14.9 14.9
0101011111 9 11.6 11.6
1010111010 9 14.9 14.9
0101011100 9 13.3 13.3
0001100111 9 13.3 13.3
0001001111 9 13.3 13.3
0111001101 9 18.3 18.3
0011101110 9 13.3 13.3
0110100010 9 16.6 16.6
1101010001 9 13.3 13.3
1010010011 9 13.3 13.3
0101110000 9 14.9 14.9
1110110100 9 13.3 13.3
0011100011 9 13.3 13.3
0101110011 9 16.6 16.6
0111111001 9 13.3 13.3
0000100101 9 13.3 13.3
1111010001 9 14.9 14.9
1010110101 9 13.3 13.3
0111100011 9 14.9 14.9
0110111110 9 14.9 14.9
1001110111 9 14.9 14.9
1010100010 9 14.9 14.9
1010101110 9 13.3 13.3
1000010101 9 13.3 13.3
0010110111 9 13.3 13.3
0110011001 9 13.3 13.3
0110001110 9 16.6 16.6
1101101001 9 14.9 14.9
1000111010 9 16.6 16.6
0110101100 9 16.6 16.6
0110001000 9 14.9 14.9
0110010100 9 16.6 16.6
1101010101 9 10.0 10.0
1100011011 9 14.9 14.9
0101000100 9 14.9 14.9
0100101111 9 14.9 14.9
0111010010 9 16.6 16.6
1011101110 9 13.3 13.3
0011000010 9 16.6 16.6
0011001011 9 14.9 14.9
1001110101 9 16.6 16.6
1110011001 9 13.3 13.3
0001110110 9 16.6 16.6
1001000001 9 14.9 14.9
0010100001 9 13.3 13.3
0110111001 9 18.3 18.3
1000111011 9 16.6 16.6
0001100110 9 13.3 13.3
1100010001 9 13.3 13.3
0011000111 9 13.3 13.3
1000011010 9 16.6 16.6
0100111101 9 18.3 18.3
1000011011 9 14.9 14.9
1010100001 9 13.3 13.3
0011110000 9 13.3 13.3
1000100110 9 16.6 16.6
1011100000 9 14.9 14.9
1001001011 9 14.9 14.9
0110010110 9 16.6 16.6
1100111001 9 14.9 14.9
0011011011 9 11.6 11.6
0000001010 9 11.6 11.6
0001101011 9 14.9 14.9
1001111000 9 14.9 14.9
1010110010 9 16.6 16.6
1001000010 9 16.6 16.6
0001000001 9 13.3 13.3
1011000011 9 16.6 16.6
0001111101 9 14.9 14.9
1011100101 9 16.6 16.6
1001100001 9 14.9 14.9
1110110001 10 14.9 14.9
1010011001 10 16.6 16.6
1001100110 10 13.3 13.3
1011101011 10 14.9 14.9
1001000011 10 14.9 14.9
0111011100 10 13.3 13.3
0100100111 10 14.9 14.9
1010110110 10 14.9 14.9
1101000000 10 11.6 11.6
0110011110 10 14.9 14.9
1110100100 10 13.3 13.3
0100101011 10 14.9 14.9
0100100011 10 14.9 14.9
0111110011 10 13.3 13.3
1000101001 10 16.6 16.6
1001001001 10 13.3 13.3
0100100010 10 16.6 16.6
0101111001 10 16.6 16.6
0001010100 10 11.6 11.6
0011000100 10 16.6 16.6
1101011000 10 14.9 14.9
0011100100 10 14.9 14.9
0011001100 10 13.3 13.3
0100011111 10 14.9 14.9
0001111011 10 14.9 14.9
0111010111 10 14.9 14.9
1100001011 10 14.9 14.9
0011010111 10 14.9 14.9
0111001000 10 14.9 14.9
0001101000 10 14.9 14.9
0100110001 10 18.3 18.3
0110100101 10 16.6 16.6
0010010000 10 11.6 11.6
0001000100 10 11.6 11.6
0110100111 10 16.6 16.6
0010100111 10 14.9 14.9
0110001111 10 14.9 14.9
1001111011 10 16.6 16.6
1000000010 10 13.3 13.3
1011101000 10 14.9 14.9
0110101011 10 13.3 13.3
0000100010 10 11.6 11.6
1100010011 10 14.9 14.9
0101000010 10 16.6 16.6
1101000011 10 14.9 14.9
1101101000 10 13.3 13.3
0010101100 10 13.3 13.3
0010110100 10 13.3 13.3
0000001001 10 13.3 13.3
0100010101 10 14.9 14.9
0011001000 10 14.9 14.9
1011110010 10 18.3 18.3
0111111100 10 11.6 11.6
0001010111 10 13.3 13.3
1011010101 10 14.9 14.9
0110111010 10 14.9 14.9
0010100011 10 13.3 13.3
0110110010 10 16.6 16.6
0111010011 10 16.6 16.6
1001010111 10 14.9 14.9
1110111001 10 14.9 14.9
0101000101 10 14.9 14.9
1010100011 10 13.3 13.3
1001110110 10 18.3 18.3
0001110011 10 13.3 13.3
0010000110 10 16.6 16.6
1001000100 10 14.9 14.9
0001001110 10 14.9 14.9
0111101001 10 16.6 16.6
0100010010 10 16.6 16.6
0110110110 10 13.3 13.3
1001000110 10 18.3 18.3
0111110110 10 14.9 14.9
0010011101 10 14.9 14.9
0111101011 10 13.3 13.3
0101100100 10 14.9 14.9
0111100101 10 16.6 16.6
0000001110 10 11.6 11.6
1010010101 11 13.3 13.3
0110001001 11 18.3 18.3
0101000001 11 13.3 13.3
0000011110 11 11.6 11.6
0111101101 11 14.9 14.9
0101011110 11 13.3 13.3
0100000101 11 16.6 16.6
1001110100 11 16.6 16.6
1100110001 11 16.6 16.6
0111100001 11 13.3 13.3
1000100011 11 13.3 13.3
1110000101 11 14.9 14.9
0011010000 11 14.9 14.9
1001111100 11 14.9 14.9
0101000110 11 16.6 16.6
1011010010 11 16.6 16.6
1101001000 11 13.3 13.3
0111010110 11 16.6 16.6
0001100011 11 13.3 13.3
1100110011 11 13.3 13.3
1010110111 11 13.3 13.3
0010001000 11 11.6 11.6
1000001001 11 14.9 14.9
0100111000 11 14.9 14.9
0010000001 11 13.3 13.3
1101010110 11 13.3 13.3
0010100101 11 13.3 13.3
0111110001 11 13.3 13.3
0010111011 11 14.9 14.9
1010111100 11 14.9 14.9
1011110001 11 16.6 16.6
0101100001 11 16.6 16.6
0000010110 11 14.9 14.9
1010111001 11 16.6 16.6
0111010101 11 13.3 13.3
0110001010 11 16.6 16.6
1000100100 11 13.3 13.3
0010001110 11 16.6 16.6
0000111000 11 13.3 13.3
1101100011 11 14.9 14.9
0000101001 11 14.9 14.9
1001110011 11 14.9 14.9
1001001000 11 11.6 11.6
0101001001 11 14.9 14.9
1010110100 11 13.3 13.3
1000001010 11 13.3 13.3
1010000001 11 13.3 13.3
0001110000 11 13.3 13.3
1000101111 11 14.9 14.9
0000110111 11 13.3 13.3
1000011110 11 13.3 13.3
1000111000 11 14.9 14.9
0010110000 11 14.9 14.9
1011101100 11 16.6 16.6
0011111100 11 13.3 13.3
0011100111 11 13.3 13.3
0111000000 11 11.6 11.6
1110101011 11 11.6 11.6
1110110110 11 11.6 11.6
1000101110 11 16.6 16.6
0000011000 11 13.3 13.3
0001010001 11 14.9 14.9
0011111011 11 13.3 13.3
0001011101 11 14.9 14.9
0000111001 11 14.9 14.9
1010101100 12 13.3 13.3
1100010010 12 14.9 14.9
1001101001 12 16.6 16.6
0110101000 12 14.9 14.9
0111011001 12 16.6 16.6
1001010001 12 16.6 16.6
1011000001 12 14.9 14.9
0011001001 12 16.6 16.6
0111010100 12 13.3 13.3
0001000111 12 13.3 13.3
1011111000 12 14.9 14.9
1110110000 12 13.3 13.3
0101101111 12 13.3 13.3
0111111010 12 13.3 13.3
0111100000 12 11.6 11.6
0101110110 12 14.9 14.9
0111001001 12 16.6 16.6
0011010100 12 13.3 13.3
1010010001 12 14.9 14.9
0101101110 12 14.9 14.9
0011000001 12 13.3 13.3
0111001011 12 16.6 16.6
1010001001 12 14.9 14.9
1000110001 12 13.3 13.3
0001110101 12 14.9 14.9
0100011100 12 14.9 14.9
0010001111 12 14.9 14.9
0100001100 12 16.6 16.6
1110110010 12 14.9 14.9
0110010010 12 16.6 16.6
1010010111 12 14.9 14.9
1010001000 12 11.6 11.6
1010100000 12 11.6 11.6
1011111010 12 16.6 16.6
0110111011 12 14.9 14.9
1100110101 12 16.6 16.6
0101010111 12 11.6 11.6
0011001101 12 14.9 14.9
0110100000 12 14.9 14.9
1000110000 12 13.3 13.3
1101111100 12 13.3 13.3
0100011110 12 16.6 16.6
0111000111 12 14.9 14.9
1010010010 12 13.3 13.3
0001001101 12 14.9 14.9
0000110001 12 13.3 13.3
1000101010 12 13.3 13.3
0010000010 12 14.9 14.9
0011011110 12 14.9 14.9
0001101110 12 16.6 16.6
0000111110 12 11.6 11.6
1110110011 12 14.9 14.9
0111100100 12 14.9 14.9
1000010111 12 14.9 14.9
0110011101 12 16.6 16.6
0110101010 12 13.3 13.3
0010010100 13 13.3 13.3
1011111100 13 14.9 14.9
1010111011 13 14.9 14.9
1100011010 13 16.6 16.6
0110011100 13 14.9 14.9
1001101010 13 16.6 16.6
0010000011 13 13.3 13.3
0010101000 13 11.6 11.6
0001001100 13 14.9 14.9
1000100001 13 14.9 14.9
0110100001 13 16.6 16.6
1110101000 13 13.3 13.3
1110011011 13 14.9 14.9
1110100010 13 14.9 14.9
0101110101 13 14.9 14.9
0010001010 13 14.9 14.9
0000011011 13 13.3 13.3
0100101101 13 16.6 16.6
1001000000 13 13.3 13.3
1100100001 13 14.9 14.9
1001100111 13 13.3 13.3
0001101100 13 14.9 14.9
1000111101 13 16.6 16.6
1111100100 13 13.3 13.3
1010100111 13 14.9 14.9
1000011111 13 11.6 11.6
0010000101 13 14.9 14.9
0101111110 13 13.3 13.3
1111100001 13 11.6 11.6
0100110010 13 16.6 16.6
0010101110 13 13.3 13.3
0000000101 13 11.6 11.6
0110000001 13 13.3 13.3
1111010010 13 14.9 14.9
0101001111 13 14.9 14.9
0010101111 13 11.6 11.6
1101111000 13 14.9 14.9
0101100110 13 16.6 16.6
0001010000 13 13.3 13.3
0001001011 13 13.3 13.3
0001101101 13 14.9 14.9
0110111101 13 16.6 16.6
1011000100 13 18.3 18.3
0111100110 13 14.9 14.9
1101011001 13 16.6 16.6
0010001011 13 14.9 14.9
0010000100 13 13.3 13.3
0110010111 13 14.9 14.9
0000011101 13 14.9 14.9
0110000010 13 16.6 16.6
1100011001 13 14.9 14.9
1010110011 13 16.6 16.6
1100100011 13 14.9 14.9
0001011100 13 14.9 14.9
0101101010 13 13.3 13.3
0011100110 13 14.9 14.9
1100100000 13 13.3 13.3
0101100111 14 16.6 16.6
1011110011 14 16.6 16.6
1101101101 14 11.6 11.6
0001101010 14 14.9 14.9
0010100100 14 13.3 13.3
0000010011 14 13.3 13.3
1101101010 14 13.3 13.3
1110010111 14 14.9 14.9
1100010100 14 13.3 13.3
1101110100 14 14.9 14.9
1101100001 14 14.9 14.9
1101011010 14 13.3 13.3
1000111110 14 13.3 13.3
0111101010 14 13.3 13.3
0000001101 14 14.9 14.9
0011001111 14 14.9 14.9
0011001110 14 16.6 16.6
0110000100 14 16.6 16.6
1001010100 14 13.3 13.3
1111001001 14 14.9 14.9
0010011001 14 14.9 14.9
0001100000 14 13.3 13.3
1001010000 14 14.9 14.9
0001011000 14 14.9 14.9
0110110101 14 14.9 14.9
1010101000 14 11.6 11.6
0110000101 14 16.6 16.6
0000101100 14 14.9 14.9
1001101110 14 16.6 16.6
1001100000 14 14.9 14.9
1100011101 14 14.9 14.9
1101000010 14 16.6 16.6
1111100010 14 14.9 14.9
0101110010 14 18.3 18.3
1101110011 14 16.6 16.6
0000000110 14 11.6 11.6
0010011010 14 14.9 14.9
0011111101 14 14.9 14.9
0110101001 14 16.6 16.6
0101101011 14 13.3 13.3
0100110110 14 16.6 16.6
0111001110 14 13.3 13.3
0100000100 14 14.9 14.9
0111011000 14 16.6 16.6
0101010100 14 10.0 10.0
1001101000 14 14.9 14.9
1000011101 14 16.6 16.6
1010100110 14 16.6 16.6
0011110011 14 14.9 14.9
0100010001 14 13.3 13.3
1101110001 14 16.6 16.6
1000011001 14 14.9 14.9
0100101000 14 14.9 14.9
1010011011 14 14.9 14.9
0110101101 14 16.6 16.6
1100011111 14 13.3 13.3
1110111100 14 13.3 13.3
1101110101 14 14.9 14.9
1110100011 14 14.9 14.9
0110100100 14 14.9 14.9
0100001010 15 16.6 16.6
0000100100 15 11.6 11.6
1101110000 15 14.9 14.9
0100001111 15 14.9 14.9
1010100101 15 13.3 13.3
1100101010 15 13.3 13.3
0000010111 15 13.3 13.3
0101010000 15 11.6 11.6
0110101110 15 16.6 16.6
1010010110 15 16.6 16.6
0100100000 15 13.3 13.3
0100001000 15 14.9 14.9
1000010100 15 13.3 13.3
1010011010 15 16.6 16.6
0110110011 15 16.6 16.6
0010101010 15 10.0 10.0
0101000011 15 14.9 14.9
0101010001 15 13.3 13.3
0011011000 15 14.9 14.9
0011111001 15 14.9 14.9
1000000001 15 10.0 10.0
0011101001 15 16.6 16.6
1100100010 15 16.6 16.6
1110010101 15 14.9 14.9
1011000000 15 14.9 14.9
0100100110 15 16.6 16.6
0110011000 15 13.3 13.3
0100000001 15 13.3 13.3
0001011111 15 13.3 13.3
1011001011 15 14.9 14.9
1011010111 15 14.9 14.9
0001001001 15 11.6 11.6
0001010101 15 11.6 11.6
0011011001 15 16.6 16.6
1011001000 15 14.9 14.9
1001101100 15 16.6 16.6
1001011101 15 16.6 16.6
1001100101 15 16.6 16.6
1111000100 15 14.9 14.9
1000000100 15 13.3 13.3
1111101000 15 13.3 13.3
0010011111 15 13.3 13.3
1100001101 15 16.6 16.6
0100011000 15 14.9 14.9
1111000010 15 14.9 14.9
0101001000 15 13.3 13.3
0101101000 15 14.9 14.9
0011110001 15 14.9 14.9
0011011101 15 16.6 16.6
1010011000 15 16.6 16.6
0110100011 15 16.6 16.6
1110010110 15 16.6 16.6
0101100101 15 16.6 16.6
0010101001 15 13.3 13.3
0100101100 15 16.6 16.6
1110100101 15 14.9 14.9
0000011100 15 13.3 13.3
1111010011 15 14.9 14.9
0100101010 16 14.9 14.9
0101101100 16 13.3 13.3
0100110000 16 16.6 16.6
0000011001 16 14.9 14.9
0100010011 16 16.6 16.6
1000101101 16 16.6 16.6
1000000110 16 13.3 13.3
1110000011 16 13.3 13.3
1101001001 16 14.9 14.9
1010101101 16 14.9 14.9
0100000111 16 14.9 14.9
1000100000 16 13.3 13.3
1100000011 16 13.3 13.3
0010011000 16 14.9 14.9
1101010010 16 14.9 14.9
0111000011 16 14.9 14.9
1001111001 16 16.6 16.6
0101001101 16 16.6 16.6
1011010110 16 16.6 16.6
0110010000 16 14.9 14.9
1111001011 16 14.9 14.9
1011100100 16 14.9 14.9
1011011000 16 14.9 14.9
0110000011 16 14.9 14.9
0111100111 16 13.3 13.3
1011110101 16 16.6 16.6
1010101001 16 13.3 13.3
1101100000 16 13.3 13.3
1100101000 16 14.9 14.9
0000111100 16 13.3 13.3
1101001100 16 14.9 14.9
1111000101 16 14.9 14.9
1001011011 16 14.9 14.9
0010100000 17 11.6 11.6
1101111010 17 14.9 14.9
1100000001 17 11.6 11.6
0111011011 17 13.3 13.3
1101100111 17 14.9 14.9
1001011111 17 14.9 14.9
1111101001 17 14.9 14.9
0111011101 17 13.3 13.3
0110111000 17 16.6 16.6
0101011010 17 13.3 13.3
1010000100 17 14.9 14.9
0000110000 17 13.3 13.3
1100000101 17 14.9 14.9
1000111100 17 14.9 14.9
0100100100 17 11.6 11.6
1001101111 17 14.9 14.9
1011110110 17 16.6 16.6
1000100111 17 16.6 16.6
1010001010 17 14.9 14.9
0110010011 17 16.6 16.6
1010001111 17 14.9 14.9
0111011010 17 14.9 14.9
1001011000 17 16.6 16.6
1100000010 17 14.9 14.9
1101101011 17 13.3 13.3
0111011110 17 14.9 14.9
1010101111 17 11.6 11.6
1010111000 17 14.9 14.9
1001010101 17 13.3 13.3
1101000111 18 14.9 14.9
1100100101 18 13.3 13.3
1001101011 18 16.6 16.6
1100011110 18 14.9 14.9
0011100000 18 13.3 13.3
1110000010 18 14.9 14.9
1011100011 18 14.9 14.9
1111101010 18 11.6 11.6
0110001011 18 16.6 16.6
1010111101 18 16.6 16.6
0111110101 18 13.3 13.3
1111101100 18 13.3 13.3
0001110001 18 14.9 14.9
1010000000 18 11.6 11.6
0110110111 18 11.6 11.6
1111010110 18 14.9 14.9
1010011101 18 16.6 16.6
1010000111 18 14.9 14.9
1100111101 18 16.6 16.6
1001011001 18 16.6 16.6
0101001110 18 16.6 16.6
1110011100 18 13.3 13.3
1101100100 18 13.3 13.3
1100010000 18 11.6 11.6
1100110100 18 14.9 14.9
0101101001 18 16.6 16.6
0001000000 18 11.6 11.6
1001010110 18 16.6 16.6
0011000000 18 13.3 13.3
1101100110 18 14.9 14.9
1101001010 18 13.3 13.3
1110010100 19 14.9 14.9
0100100001 19 14.9 14.9
1001001111 19 14.9 14.9
0001111110 19 11.6 11.6
0110001100 19 14.9 14.9
1010010000 19 13.3 13.3
1011100111 19 14.9 14.9
0000000010 19 11.6 11.6
0011101010 19 13.3 13.3
0010101011 19 10.0 10.0
1000101100 19 16.6 16.6
1100110111 19 14.9 14.9
1100001010 19 14.9 14.9
1101000101 19 14.9 14.9
0101010101 19 10.0 10.0
1000111111 19 11.6 11.6
1000000111 19 11.6 11.6
1111001101 19 16.6 16.6
1100110010 19 14.9 14.9
1110011010 19 16.6 16.6
0001011001 19 14.9 14.9
1110001011 19 14.9 14.9
1100101001 19 16.6 16.6
0111101110 19 14.9 14.9
1111000011 19 13.3 13.3
1101010011 19 13.3 13.3
1110100111 19 14.9 14.9
1110001000 20 13.3 13.3
0011110010 20 16.6 16.6
1111010100 20 11.6 11.6
0101111011 20 14.9 14.9
0001001000 20 10.0 10.0
0011011111 20 13.3 13.3
1110111011 20 11.6 11.6
0110011111 20 14.9 14.9
0001111001 20 14.9 14.9
0100010000 20 11.6 11.6
1100111100 20 14.9 14.9
1101110110 20 14.9 14.9
1101001101 20 14.9 14.9
1100101100 20 16.6 16.6
1111011001 20 14.9 14.9
1111100101 20 14.9 14.9
1001001010 20 14.9 14.9
1111010000 20 13.3 13.3
1000001000 20 13.3 13.3
1011000010 20 18.3 18.3
0101001100 20 16.6 16.6
1111001010 20 14.9 14.9
1110101101 20 14.9 14.9
0000100011 20 11.6 11.6
1011000110 20 16.6 16.6
1111011010 20 13.3 13.3
0100111111 20 14.9 14.9
1101001011 20 13.3 13.3
0011101111 20 11.6 11.6
1011111001 21 16.6 16.6
1001111101 21 16.6 16.6
1011101111 21 11.6 11.6
1111110100 21 11.6 11.6
1111000001 21 11.6 11.6
0101001010 21 13.3 13.3
0011111000 21 13.3 13.3
1101000100 21 14.9 14.9
1110101001 21 14.9 14.9
0110101111 21 14.9 14.9
1000001111 21 11.6 11.6
1010001110 21 16.6 16.6
1000110110 21 16.6 16.6
1100100100 21 11.6 11.6
0100001110 21 16.6 16.6
1110001101 21 14.9 14.9
1100101111 21 14.9 14.9
1010000110 21 16.6 16.6
1011001010 21 16.6 16.6
0010001100 22 16.6 16.6
1000011000 22 13.3 13.3
1010111110 22 13.3 13.3
1110100000 22 13.3 13.3
1111001100 22 14.9 14.9
0110100110 22 16.6 16.6
0110000111 22 14.9 14.9
1100011100 22 13.3 13.3
0011111110 22 11.6 11.6
1001111110 22 13.3 13.3
1110010010 22 14.9 14.9
1101011101 22 14.9 14.9
1111101011 22 11.6 11.6
1011011010 22 13.3 13.3
1101111011 22 13.3 13.3
1110110101 22 13.3 13.3
1111110011 22 13.3 13.3
0000010000 22 10.0 10.0
0010111111 23 11.6 11.6
1100010110 23 16.6 16.6
1110000100 23 14.9 14.9
1001001101 23 16.6 16.6
1101011100 23 13.3 13.3
0101111111 23 11.6 11.6
1100100111 23 14.9 14.9
0000101000 23 13.3 13.3
1101001111 23 14.9 14.9
1110011101 23 14.9 14.9
1111101101 23 13.3 13.3
1100011000 23 13.3 13.3
1110000001 23 11.6 11.6
1111001000 23 13.3 13.3
0101101101 23 13.3 13.3
1111100011 23 13.3 13.3
1101000110 23 16.6 16.6
1101010111 24 11.6 11.6
0111110000 24 11.6 11.6
0001111000 24 13.3 13.3
0110011010 24 16.6 16.6
0101000000 24 11.6 11.6
1010010100 24 13.3 13.3
1110001010 24 14.9 14.9
1001101101 24 16.6 16.6
1011011011 24 11.6 11.6
0111011111 24 13.3 13.3
0111111000 25 11.6 11.6
0111110111 25 13.3 13.3
1011111011 25 14.9 14.9
1001001110 25 16.6 16.6
0100000000 25 11.6 11.6
1100111110 25 13.3 13.3
1011001110 25 18.3 18.3
1110101110 25 14.9 14.9
1011011001 25 16.6 16.6
1101011011 26 13.3 13.3
1100010111 26 14.9 14.9
1001100100 26 14.9 14.9
1111110010 26 14.9 14.9
1000010000 26 11.6 11.6
1010011111 26 14.9 14.9
1010001100 26 16.6 16.6
0001111100 26 13.3 13.3
1111010101 26 11.6 11.6
1000001101 26 14.9 14.9
0000000100 27 11.6 11.6
1011010100 27 14.9 14.9
0110000000 27 11.6 11.6
0111000110 27 16.6 16.6
1010011100 27 16.6 16.6
1010101011 27 10.0 10.0
1100101110 28 16.6 16.6
0000001111 28 10.0 10.0
1101101100 28 11.6 11.6
0111001111 28 13.3 13.3
0000100000 28 10.0 10.0
1010111111 29 11.6 11.6
1110011000 29 13.3 13.3
1111011011 29 11.6 11.6
1100001000 29 13.3 13.3
0010000000 29 11.6 11.6
1110111101 29 14.9 14.9
1001001100 29 16.6 16.6
1001011100 29 16.6 16.6
1111011000 29 14.9 14.9
0111101111 29 11.6 11.6
1000001110 30 13.3 13.3
0000001000 30 11.6 11.6
1110110111 30 10.0 10.0
1101101110 30 13.3 13.3
0111111011 30 13.3 13.3
1011110111 31 14.9 14.9
1110000111 31 13.3 13.3
1011001100 31 14.9 14.9
0111111101 31 13.3 13.3
1110001111 31 13.3 13.3
1111100110 31 14.9 14.9
1101001110 31 16.6 16.6
1111000111 31 13.3 13.3
1110111110 31 13.3 13.3
1101111110 32 13.3 13.3
0111111110 32 10.0 10.0
1101011111 32 11.6 11.6
1110100110 32 14.9 14.9
0101100000 32 14.9 14.9
1011001111 32 16.6 16.6
0000100001 33 11.6 11.6
0000001100 33 13.3 13.3
1110010000 33 14.9 14.9
1101111101 34 14.9 14.9
1001011010 34 16.6 16.6
1001011110 34 16.6 16.6
1111110101 34 11.6 11.6
1000011100 34 14.9 14.9
0000000011 34 10.0 10.0
0000000111 35 10.0 10.0
1011101101 35 16.6 16.6
0110111111 35 13.3 13.3
1110101111 35 13.3 13.3
1011001001 35 16.6 16.6
1011111101 35 16.6 16.6
0000011111 36 10.0 10.0
0110000110 36 16.6 16.6
1101101111 36 11.6 11.6
1111110001 36 11.6 11.6
1010101010 36 10.0 10.0
1111010111 36 13.3 13.3
1110001100 36 13.3 13.3
0100000110 37 16.6 16.6
1100001111 38 13.3 13.3
0001111111 38 10.0 10.0
1101110111 38 11.6 11.6
1111011100 38 11.6 11.6
1011011100 39 14.9 14.9
1011011101 39 16.6 16.6
1010011110 40 16.6 16.6
1111011101 40 11.6 11.6
1111100111 41 13.3 13.3
1101011110 41 13.3 13.3
1111111001 41 11.6 11.6
1111110000 42 10.0 10.0
1100111111 42 13.3 13.3
1100000100 43 13.3 13.3
1110011110 43 13.3 13.3
1011001101 44 16.6 16.6
1110111010 45 11.6 11.6
1110001110 45 14.9 14.9
1111110110 45 13.3 13.3
1111100000 46 10.0 10.0
1111111010 47 11.6 11.6
1001111111 47 11.6 11.6
1011011110 48 14.9 14.9
1011111110 49 13.3 13.3
0000111111 49 10.0 10.0
0000000001 50 8.3 8.3
1100100110 52 16.6 16.6
1111000000 53 10.0 10.0
1110011111 54 13.3 13.3
1000001100 55 13.3 13.3
1111101110 55 13.3 13.3
1100000111 55 13.3 13.3
1100000000 62 10.0 10.0
1111011110 66 11.6 11.6
1111001111 69 13.3 13.3
1111111000 69 10.0 10.0
1110111000 70 13.3 13.3
1111001110 72 13.3 13.3
1110000000 76 10.0 10.0
1011011111 81 13.3 13.3
1100001100 82 14.9 14.9
1100001110 83 14.9 14.9
0011111111 83 10.0 10.0
1000000000 84 8.3 8.3
1111000110 90 14.9 14.9
1101111111 93 11.6 11.6
1111111100 99 10.0 10.0
0111111111 116 8.3 8.3
1111111011 119 11.6 11.6
1111110111 124 11.6 11.6
1110000110 127 14.9 14.9
1111101111 129 10.0 10.0
1111111101 130 11.6 11.6
1110111111 136 11.6 11.6
1011111111 143 11.6 11.6
1111011111 153 10.0 10.0
1100000110 230 14.9 14.9
1111111110 368 8.3 8.3
0000000000 991 3.3 3.3
1111111111 3806 3.3 3.3