00101101001000 1 19.0 19.0
00011001000000 1 17.1 17.1
10111100101111 1 19.0 19.0
11111111100001 1 13.3 13.3
10000000001110 1 15.2 15.2
10010001010001 1 20.9 20.9
01001010001111 1 22.8 22.8
11001110001110 1 20.9 20.9
00100000100011 1 19.0 19.0
00010011010001 1 20.9 20.9
11111101001111 1 17.1 17.1
00011100101010 1 19.0 19.0
01101101111011 1 19.0 19.0
00101000000100 1 19.0 19.0
10000000101010 1 15.2 15.2
11110111111110 1 15.2 15.2
00100001111111 1 17.1 17.1
00100001100000 1 19.0 19.0
01001000100010 1 19.0 19.0
11000001100011 1 19.0 19.0
01010001001010 1 19.0 19.0
01101011111101 1 20.9 20.9
11000010111111 1 19.0 19.0
10100110011110 1 22.8 22.8
00000011001001 1 20.9 20.9
00010001110000 1 17.1 17.1
01010100110010 1 20.9 20.9
00110101110011 1 22.8 22.8
00111110111111 1 13.3 13.3
11000110110101 1 20.9 20.9
01000100001000 1 19.0 19.0
00001111111000 1 15.2 15.2
10000001110100 1 19.0 19.0
00010001000111 1 15.2 15.2
10101000010111 1 20.9 20.9
11111111001001 1 17.1 17.1
11101111010100 1 19.0 19.0
01101100101001 1 22.8 22.8
11111011111101 1 17.1 17.1
00000001010110 1 17.1 17.1
00100100000011 1 17.1 17.1
00000011101010 1 17.1 17.1
00000000001110 1 13.3 13.3
11000100101001 1 20.9 20.9
00001001001011 1 17.1 17.1
00000001010100 1 13.3 13.3
01001010101001 1 20.9 20.9
11010111101100 1 20.9 20.9
11011101101110 1 19.0 19.0
00010010100010 1 19.0 19.0
10100101000100 1 19.0 19.0
10010011101000 1 20.9 20.9
11111111110010 1 17.1 17.1
10010010100110 1 22.8 22.8
00100000000010 1 19.0 19.0
01010000010000 1 19.0 19.0
01010101101010 1 15.2 15.2
01101101100100 1 17.1 17.1
01000100101001 1 20.9 20.9
00101000100100 1 19.0 19.0
01011011001100 1 19.0 19.0
10011111111010 1 19.0 19.0
01100101100000 1 20.9 20.9
00011011010111 1 19.0 19.0
10001001000000 1 17.1 17.1
01001010000010 1 22.8 22.8
10000010010000 1 17.1 17.1
01000101001001 1 22.8 22.8
01011000001000 1 20.9 20.9
10000000100100 1 15.2 15.2
00001111111111 1 11.4 11.4
00010100101000 1 15.2 15.2
01100111101001 1 22.8 22.8
10001100010100 1 19.0 19.0
10010000101001 1 22.8 22.8
11011101101010 1 19.0 19.0
01010101001010 1 17.1 17.1
00011100110101 1 20.9 20.9
01000011001000 1 20.9 20.9
10010010010100 1 17.1 17.1
01010001000110 1 20.9 20.9
00000010100110 1 20.9 20.9
01110101111010 1 19.0 19.0
01000010101110 1 22.8 22.8
00000111000110 1 19.0 19.0
00110110001010 1 20.9 20.9
11101110111101 1 17.1 17.1
00011100010111 1 19.0 19.0
00000010101110 1 17.1 17.1
11111101111010 1 17.1 17.1
11111001010101 1 17.1 17.1
11101101111000 1 17.1 17.1
00010001100000 1 19.0 19.0
01000000000100 1 19.0 19.0
11111110011111 1 15.2 15.2
11010100110110 1 20.9 20.9
11110111101111 1 11.4 11.4
10001100000000 1 17.1 17.1
00001111011110 1 17.1 17.1
01001101101101 1 19.0 19.0
00100110010111 1 19.0 19.0
00011011101011 1 20.9 20.9
00110011000110 1 20.9 20.9
00011000110000 1 15.2 15.2
00101100000000 1 17.1 17.1
00100100001000 1 17.1 17.1
10110000000010 1 20.9 20.9
11011111011101 1 19.0 19.0
00101000110000 1 19.0 19.0
00001100101000 1 19.0 19.0
00011101011100 1 20.9 20.9
11111110110111 1 13.3 13.3
00000001100100 1 19.0 19.0
00101000001100 1 19.0 19.0
11011111101101 1 20.9 20.9
01010000100010 1 20.9 20.9
01101010000001 1 19.0 19.0
11101101001011 1 19.0 19.0
10000001101000 1 19.0 19.0
00101000110100 1 20.9 20.9
00110000110100 1 20.9 20.9
11010111100001 1 19.0 19.0
00000110000100 1 19.0 19.0
00111011010110 1 20.9 20.9
00100001100010 1 20.9 20.9
11101101111111 1 13.3 13.3
00000111011110 1 19.0 19.0
00000100000001 1 15.2 15.2
01111010000000 1 17.1 17.1
00100011110000 1 20.9 20.9
00000000001011 1 13.3 13.3
00000010010010 1 15.2 15.2
11101001111111 1 19.0 19.0
00011100011100 1 15.2 15.2
10100100110010 1 20.9 20.9
11001011110110 1 22.8 22.8
11110101111011 1 17.1 17.1
01001000010100 1 20.9 20.9
00100001000010 1 17.1 17.1
01000010001010 1 20.9 20.9
10000100000010 1 19.0 19.0
00000001101100 1 17.1 17.1
01110010011010 1 22.8 22.8
00100101000000 1 17.1 17.1
00001100000011 1 17.1 17.1
01001001100000 1 20.9 20.9
01001101010101 1 20.9 20.9
00000110100101 1 20.9 20.9
00001100010111 1 19.0 19.0
00000001111100 1 15.2 15.2
10101001010000 1 17.1 17.1
01011000100101 1 22.8 22.8
01010001110000 1 19.0 19.0
00101110001010 1 19.0 19.0
01001000111001 1 22.8 22.8
11001101000010 1 22.8 22.8
00100101011001 1 20.9 20.9
11101100010101 1 19.0 19.0
01001010101010 1 17.1 17.1
00101010101001 1 15.2 15.2
00000100010011 1 19.0 19.0
11110110011000 1 17.1 17.1
11110111111001 1 19.0 19.0
01001111100100 1 20.9 20.9
00100010101010 1 17.1 17.1
11111111101110 1 15.2 15.2
10010000000000 1 15.2 15.2
11101011111101 1 19.0 19.0
01000000000010 1 19.0 19.0
00001100001011 1 19.0 19.0
10100100100000 1 15.2 15.2
00000101001000 1 17.1 17.1
00100101101100 1 17.1 17.1
00000111000100 1 20.9 20.9
10111111000111 1 20.9 20.9
00001100000111 1 15.2 15.2
10001111101011 1 19.0 19.0
11101111111011 1 17.1 17.1
00011000101100 1 20.9 20.9
11110110111111 1 15.2 15.2
01000101101010 1 20.9 20.9
11101111101111 1 15.2 15.2
11111111110000 1 11.4 11.4
10011000101000 1 20.9 20.9
10000001010010 1 20.9 20.9
10010000010000 1 17.1 17.1
00001010001000 1 15.2 15.2
01011101001001 1 20.9 20.9
00111101110011 1 19.0 19.0
10101101000010 1 22.8 22.8
10010001010101 1 19.0 19.0
01110111100111 1 20.9 20.9
01010100000000 1 13.3 13.3
10101001001000 1 15.2 15.2
01001111001110 1 20.9 20.9
00000101101100 1 17.1 17.1
11011100111101 1 22.8 22.8
00101001100000 1 20.9 20.9
00010011000100 1 17.1 17.1
10000100000011 1 17.1 17.1
10000000000010 1 15.2 15.2
10100010000001 1 17.1 17.1
11010001001100 1 20.9 20.9
00110100001010 1 22.8 22.8
10001000011010 1 22.8 22.8
11101111110000 1 17.1 17.1
01101001101101 1 20.9 20.9
00011100101000 1 19.0 19.0
01001000000100 1 20.9 20.9
10000100101000 1 19.0 19.0
01011100011111 1 20.9 20.9
00011000100000 1 17.1 17.1
00000001000010 1 17.1 17.1
10100101010100 1 17.1 17.1
00010010001000 1 15.2 15.2
01010000010101 1 19.0 19.0
10001001010100 1 19.0 19.0
10010110111110 1 20.9 20.9
11111100111100 1 17.1 17.1
00110110000000 1 17.1 17.1
00010000000010 1 19.0 19.0
10101000000011 1 17.1 17.1
00101111011111 1 17.1 17.1
00101010010000 1 17.1 17.1
11011000100000 1 17.1 17.1
11111110111101 1 17.1 17.1
00110001110100 1 22.8 22.8
01000100101000 1 19.0 19.0
00000110010111 1 19.0 19.0
11000100101100 1 20.9 20.9
00100010101000 1 17.1 17.1
10101100010110 1 19.0 19.0
00000100111101 1 20.9 20.9
00011000101010 1 19.0 19.0
10001111010000 1 19.0 19.0
00000000111100 1 15.2 15.2
01100000101111 1 20.9 20.9
00010000110000 1 19.0 19.0
00100011010011 1 22.8 22.8
11010110101101 1 17.1 17.1
01000100010001 1 15.2 15.2
00101000100110 1 20.9 20.9
00001010110000 1 17.1 17.1
00101101000100 1 20.9 20.9
00000000110110 1 17.1 17.1
01110111111111 1 15.2 15.2
01111110111111 1 13.3 13.3
00001100000010 1 19.0 19.0
11000101101011 1 19.0 19.0
01010011000101 1 22.8 22.8
00010001010111 1 17.1 17.1
10000000001101 1 17.1 17.1
00000001100101 1 20.9 20.9
00000000111110 1 13.3 13.3
01111111011000 1 19.0 19.0
00001101100000 1 19.0 19.0
01011010110100 1 15.2 15.2
00000000010100 1 13.3 13.3
00010001001000 1 15.2 15.2
01011010010110 1 20.9 20.9
00011000001000 1 19.0 19.0
00001000000111 1 17.1 17.1
11111111011001 1 17.1 17.1
10001010100010 1 19.0 19.0
00011001001000 1 17.1 17.1
00000011111100 1 15.2 15.2
11000000110000 1 17.1 17.1
00000001001110 1 17.1 17.1
10001000000100 1 19.0 19.0
00000001101111 1 17.1 17.1
00101000001000 1 19.0 19.0
00100001001101 1 20.9 20.9
11011010110010 1 20.9 20.9
00011100000000 1 15.2 15.2
11111101111111 1 11.4 11.4
01010111110101 1 19.0 19.0
11111110110010 1 19.0 19.0
10010010001000 1 17.1 17.1
11111101110111 1 13.3 13.3
00000001000011 1 15.2 15.2
00000010010111 1 17.1 17.1
11010001011111 1 19.0 19.0
10100101010000 1 19.0 19.0
01000010100001 1 19.0 19.0
00000111001111 1 17.1 17.1
10001111111110 1 15.2 15.2
11101110101111 1 15.2 15.2
01010000011100 1 20.9 20.9
10110011111111 1 19.0 19.0
00110111000010 1 22.8 22.8
01000000001001 1 20.9 20.9
11010111110100 1 19.0 19.0
00110010000000 1 17.1 17.1
11001000110000 1 20.9 20.9
10010011101101 1 22.8 22.8
00000111101111 1 15.2 15.2
00010001100100 1 17.1 17.1
11010100101001 1 19.0 19.0
00101000101011 1 17.1 17.1
00000010010101 1 17.1 17.1
00010000100110 1 20.9 20.9
10001100111010 1 22.8 22.8
11111011101011 1 17.1 17.1
00001111011100 1 19.0 19.0
10101001001010 1 19.0 19.0
01010101101101 1 17.1 17.1
01111111110111 1 15.2 15.2
01000010000100 1 17.1 17.1
01010010000111 1 20.9 20.9
00111111001100 1 20.9 20.9
00010101101000 1 19.0 19.0
10000101000010 1 19.0 19.0
11010111011110 1 19.0 19.0
00000001101101 1 17.1 17.1
00000011111000 1 15.2 15.2
10101100100100 1 17.1 17.1
01001100110001 1 20.9 20.9
10001100111110 1 19.0 19.0
00000010000110 1 19.0 19.0
10101100001000 1 20.9 20.9
00000010001010 1 17.1 17.1
11000010111101 1 22.8 22.8
01100110000001 1 19.0 19.0
11111111110101 1 13.3 13.3
10101111101000 1 20.9 20.9
01110111011111 1 15.2 15.2
00000000100100 1 13.3 13.3
01000000010001 1 19.0 19.0
10000101001110 1 22.8 22.8
01010000001000 1 19.0 19.0
01000100001001 1 20.9 20.9
01001000001001 1 20.9 20.9
00000101101111 1 17.1 17.1
00110100100111 1 20.9 20.9
11101100101001 1 20.9 20.9
01001101100000 1 20.9 20.9
01000000001000 1 19.0 19.0
10100001111100 1 20.9 20.9
00111000010101 1 20.9 20.9
00100010001000 1 13.3 13.3
00111110000000 1 15.2 15.2
01010100101100 1 20.9 20.9
00001110010000 1 19.0 19.0
00100000010001 1 19.0 19.0
11101011111111 1 15.2 15.2
10111011111110 1 17.1 17.1
00101101101100 1 17.1 17.1
11000000110101 1 20.9 20.9
00001110000100 1 19.0 19.0
01000100000100 1 19.0 19.0
00100010010101 1 19.0 19.0
10010100001000 1 20.9 20.9
00001111100011 1 17.1 17.1
11111101011111 1 15.2 15.2
01000001101011 1 22.8 22.8
00100010100100 1 19.0 19.0
00000010000011 1 13.3 13.3
01011000011000 1 20.9 20.9
00000001110111 1 15.2 15.2
00000001111110 1 13.3 13.3
01000000101000 1 19.0 19.0
00001100010011 1 20.9 20.9
10100000101010 1 19.0 19.0
01110010100100 1 19.0 19.0
01000110100000 1 19.0 19.0
00000000010010 1 15.2 15.2
00100000100001 1 17.1 17.1
01000100111111 1 19.0 19.0
10001101000110 1 19.0 19.0
00010110001010 1 17.1 17.1
00011110000100 1 20.9 20.9
00010100100010 1 19.0 19.0
00010110000000 1 19.0 19.0
10101010111011 1 17.1 17.1
00000111100010 1 19.0 19.0
10101010111001 1 19.0 19.0
00001000000101 1 17.1 17.1
11010101001001 1 17.1 17.1
01010111011111 1 17.1 17.1
00010000100001 1 15.2 15.2
11000011101111 1 19.0 19.0
00001001101010 1 20.9 20.9
01001110000100 1 22.8 22.8
10010010101101 1 22.8 22.8
00000010100011 1 17.1 17.1
00010100001111 1 19.0 19.0
01001010000100 1 20.9 20.9
11101111111110 1 15.2 15.2
00001001000010 1 19.0 19.0
10001000100000 1 15.2 15.2
00100000010010 1 20.9 20.9
11111011101001 1 19.0 19.0
00111111111010 1 17.1 17.1
11111010101110 1 17.1 17.1
11010111111111 1 13.3 13.3
00100000100010 1 19.0 19.0
00101110000110 1 22.8 22.8
10011000000000 1 17.1 17.1
10000000000101 1 15.2 15.2
01010001001110 1 20.9 20.9
01111101110000 1 19.0 19.0
00000110100000 1 17.1 17.1
00000111001010 1 20.9 20.9
10010010000000 1 15.2 15.2
01010000000001 1 15.2 15.2
00000100000101 1 15.2 15.2
01100111001011 1 20.9 20.9
11111111111001 1 13.3 13.3
01011101110010 1 20.9 20.9
01101010010010 1 20.9 20.9
11111111001010 1 17.1 17.1
10101111101111 1 19.0 19.0
10101001000100 1 19.0 19.0
10001100010010 1 20.9 20.9
10101011011010 1 17.1 17.1
01010010000100 1 19.0 19.0
00110111111111 1 15.2 15.2
00011011001101 1 20.9 20.9
10111111011111 1 17.1 17.1
01011001101100 1 20.9 20.9
11111010111100 1 17.1 17.1
00001000000011 1 15.2 15.2
00100100000101 1 17.1 17.1
00001001011010 1 19.0 19.0
11011011010101 1 15.2 15.2
11111100011100 1 17.1 17.1
01010000100110 1 22.8 22.8
01001001101101 1 19.0 19.0
00100100010010 1 17.1 17.1
00101111111001 1 19.0 19.0
00100010110000 1 19.0 19.0
01011000111010 1 22.8 22.8
00000001110110 1 19.0 19.0
01000000010000 1 17.1 17.1
00010011011111 1 17.1 17.1
10001001010101 1 19.0 19.0
00100000001101 1 20.9 20.9
00000010101111 1 15.2 15.2
00111001001110 1 19.0 19.0
01001011011000 1 20.9 20.9
00001000000010 1 17.1 17.1
00011000101001 1 20.9 20.9
00110000010010 1 20.9 20.9
00101111000010 1 22.8 22.8
00000000011010 1 17.1 17.1
00000011100000 1 15.2 15.2
01011000101000 1 20.9 20.9
00000011011000 1 19.0 19.0
00000000010101 1 13.3 13.3
11000000000110 1 17.1 17.1
01001001001001 1 15.2 15.2
00010111111110 1 17.1 17.1
11110111111011 1 17.1 17.1
01011001010101 1 20.9 20.9
01100000000111 1 17.1 17.1
01111000111100 1 17.1 17.1
01110110101000 1 20.9 20.9
10110010110011 1 19.0 19.0
10110000001000 1 20.9 20.9
10011011001000 1 20.9 20.9
00000100001001 1 15.2 15.2
00110101001001 1 20.9 20.9
11111110110110 1 15.2 15.2
11110010101000 1 19.0 19.0
00000011000010 1 19.0 19.0
11000001001000 1 15.2 15.2
00001111000010 1 19.0 19.0
01001000101000 1 20.9 20.9
10000000111111 1 13.3 13.3
00010110100000 1 19.0 19.0
10101001010110 1 19.0 19.0
01100100000010 1 22.8 22.8
11001011111011 1 20.9 20.9
11100100110001 1 20.9 20.9
00010110000100 1 19.0 19.0
01101010101011 1 15.2 15.2
10111111111100 1 17.1 17.1
01110100110001 1 22.8 22.8
00011101000100 1 20.9 20.9
01101101110101 1 20.9 20.9
11001011111111 1 17.1 17.1
01010010000000 1 17.1 17.1
00000001001010 1 17.1 17.1
00010101001000 1 15.2 15.2
00111111010110 1 20.9 20.9
01111110011101 1 20.9 20.9
00000110101110 1 20.9 20.9
00000000110010 1 19.0 19.0
01000011010100 1 20.9 20.9
00000000100111 1 17.1 17.1
10011100111010 1 20.9 20.9
10000010100101 1 19.0 19.0
01010100110000 1 20.9 20.9
11010000010000 1 19.0 19.0
00001001001000 1 13.3 13.3
00111110110001 1 20.9 20.9
10000001000001 1 17.1 17.1
10000001000010 1 19.0 19.0
10000001101001 1 20.9 20.9
10111101101110 1 20.9 20.9
11110001011111 1 19.0 19.0
11111111110100 1 13.3 13.3
01100011000111 1 17.1 17.1
10101010100101 1 17.1 17.1
00100100010000 1 15.2 15.2
01100000000011 1 17.1 17.1
00001001010000 1 17.1 17.1
00001001001010 1 17.1 17.1
10010000111001 1 22.8 22.8
00000001011110 1 17.1 17.1
00001001001001 1 15.2 15.2
11110101001111 1 17.1 17.1
01000101011101 1 22.8 22.8
10100010010100 1 19.0 19.0
00001011000001 1 19.0 19.0
10011010110010 1 22.8 22.8
00001011000000 1 19.0 19.0
00010100100000 1 17.1 17.1
00000101100001 1 17.1 17.1
00111011100011 1 19.0 19.0
10010100100000 1 19.0 19.0
10000011010100 1 19.0 19.0
10010100001010 1 19.0 19.0
10011111111111 1 13.3 13.3
01100100100010 1 22.8 22.8
01011101100100 1 19.0 19.0
11011110111101 1 17.1 17.1
10101101011011 1 15.2 15.2
10001000000101 1 19.0 19.0
00001000001010 1 19.0 19.0
00101101100000 1 19.0 19.0
00001010010100 1 17.1 17.1
00010100000100 1 17.1 17.1
00110100000000 1 17.1 17.1
00111101011000 1 19.0 19.0
10110110100111 1 19.0 19.0
01001010100101 1 19.0 19.0
00100000001001 1 20.9 20.9
11010110100101 1 19.0 19.0
01000010000001 1 19.0 19.0
11001011101101 1 22.8 22.8
01000101010100 1 17.1 17.1
00010000100010 1 19.0 19.0
01011010101101 1 19.0 19.0
11111111001110 1 17.1 17.1
00001011010100 1 19.0 19.0
00000101010111 1 15.2 15.2
00010111101111 1 17.1 17.1
10100100100100 1 13.3 13.3
10100100001000 1 19.0 19.0
11111110111011 1 15.2 15.2
00100101110011 1 20.9 20.9
00001000010000 2 11.4 11.4
00000010000001 2 13.3 13.3
01000100000110 2 20.9 20.9
00100000100000 2 13.3 13.3
01010100101010 2 15.2 15.2
00010010000010 2 17.1 17.1
10000000100000 2 15.2 15.2
10100110001011 2 22.8 22.8
11111111011111 2 13.3 13.3
00111001010000 2 20.9 20.9
00000011010000 2 19.0 19.0
00100000000101 2 19.0 19.0
00000010100010 2 19.0 19.0
00010001000001 2 15.2 15.2
11111111010101 2 13.3 13.3
00000010100100 2 17.1 17.1
11111101101111 2 15.2 15.2
00010011110000 2 19.0 19.0
00010000100000 2 13.3 13.3
01010100101000 2 17.1 17.1
00010010010101 2 15.2 15.2
00000100100010 2 19.0 19.0
10100001001001 2 19.0 19.0
11111111011011 2 13.3 13.3
01000100101010 2 19.0 19.0
00000001100111 2 17.1 17.1
00100000000100 2 19.0 19.0
00000001000101 2 15.2 15.2
11110111110111 2 15.2 15.2
01111111111101 2 15.2 15.2
01001000000000 2 15.2 15.2
00000010100001 2 17.1 17.1
11111111100110 2 17.1 17.1
10000001000100 2 17.1 17.1
00000100101000 2 17.1 17.1
00010100001000 2 19.0 19.0
10000000010000 2 15.2 15.2
00010000011000 2 19.0 19.0
10111111010111 2 19.0 19.0
00000001000001 2 15.2 15.2
00001101000000 2 17.1 17.1
00111111111111 2 11.4 11.4
00010010100000 2 17.1 17.1
01100001101000 2 20.9 20.9
11000000000000 2 11.4 11.4
00000000100110 2 17.1 17.1
11111010111101 2 17.1 17.1
00101010011000 2 19.0 19.0
00010010100001 2 19.0 19.0
00100000001000 2 17.1 17.1
00000001010001 2 17.1 17.1
00010101000000 2 15.2 15.2
00010010001010 2 19.0 19.0
00000011101100 2 19.0 19.0
00001100001101 2 19.0 19.0
00000100001010 2 17.1 17.1
00001000001000 2 15.2 15.2
00000111000000 2 15.2 15.2
01001010000000 2 19.0 19.0
00000001010101 2 13.3 13.3
00000000101001 2 17.1 17.1
00001100000100 2 19.0 19.0
11110111111111 2 13.3 13.3
01001100110010 2 19.0 19.0
11110110111000 2 19.0 19.0
01011100101000 2 20.9 20.9
00000000011000 2 15.2 15.2
00010000000001 2 15.2 15.2
11111111100111 2 15.2 15.2
00000000111111 2 11.4 11.4
01001100000000 2 19.0 19.0
00001010000100 2 17.1 17.1
00000010001100 2 17.1 17.1
11111011111111 2 13.3 13.3
00001000000110 2 19.0 19.0
00011000010100 2 19.0 19.0
00001101000010 2 20.9 20.9
10000010100000 2 17.1 17.1
10100000101000 2 17.1 17.1
00001000010011 2 17.1 17.1
00000100010001 2 15.2 15.2
00000010001000 2 13.3 13.3
11110111111101 2 17.1 17.1
00011000100100 2 19.0 19.0
11111111111010 2 13.3 13.3
10000000001000 3 15.2 15.2
00001001000000 3 15.2 15.2
00001110001000 3 17.1 17.1
11111111111100 3 11.4 11.4
00010001000000 3 13.3 13.3
01011111111111 3 13.3 13.3
00000100000110 3 17.1 17.1
00000000011111 3 11.4 11.4
10000001000000 3 13.3 13.3
00000000010001 3 15.2 15.2
00100000010000 3 17.1 17.1
00100001000000 3 15.2 15.2
00000101000010 3 17.1 17.1
10111111111111 3 13.3 13.3
11111110111110 3 15.2 15.2
01010000000000 3 13.3 13.3
10001000000000 3 15.2 15.2
11011111111110 3 15.2 15.2
00000000100001 3 15.2 15.2
01000000101001 3 20.9 20.9
00000001101000 3 19.0 19.0
01000010000000 3 17.1 17.1
10000010000000 3 15.2 15.2
00000000100101 3 15.2 15.2
00011010000000 3 17.1 17.1
00100010000000 3 15.2 15.2
01000000001010 3 19.0 19.0
00000000111000 3 15.2 15.2
00000001010000 3 15.2 15.2
10010000001010 3 20.9 20.9
00000000001101 3 17.1 17.1
01000000100000 3 17.1 17.1
00000001000100 4 15.2 15.2
00101000000000 4 13.3 13.3
01000001000000 4 15.2 15.2
00010010000100 4 17.1 17.1
00110000000000 4 15.2 15.2
00000100010000 4 13.3 13.3
00000100000010 4 17.1 17.1
01001000000001 4 17.1 17.1
00000010000100 4 15.2 15.2
00001000000100 4 17.1 17.1
00000100001000 4 13.3 13.3
01010000011000 4 19.0 19.0
00010000001000 4 15.2 15.2
00001100001000 4 19.0 19.0
00000000101000 4 15.2 15.2
10000100000000 4 15.2 15.2
00000000000110 4 13.3 13.3
00000000100010 4 15.2 15.2
00000101000000 5 15.2 15.2
00001000000001 5 15.2 15.2
00000001100000 5 15.2 15.2
00000010100000 5 15.2 15.2
00000011000000 5 15.2 15.2
00000000001111 5 11.4 11.4
00010000001010 5 19.0 19.0
00001000100000 5 13.3 13.3
01000000000001 5 15.2 15.2
00001010000000 5 15.2 15.2
11101111111111 5 13.3 13.3
11111110111111 6 11.4 11.4
01111111111111 6 9.5 9.5
10100000000000 6 13.3 13.3
01000100000000 6 15.2 15.2
00000000000111 6 11.4 11.4
00000010000010 6 15.2 15.2
00100100000000 7 13.3 13.3
00000100100000 7 15.2 15.2
00100000000001 7 15.2 15.2
00011000000000 7 15.2 15.2
11111111101111 8 13.3 13.3
00010010000000 8 13.3 13.3
11111111110111 8 13.3 13.3
00000001001000 9 13.3 13.3
00010000010000 9 15.2 15.2
00000100000100 10 13.3 13.3
00000110000000 10 15.2 15.2
00010100000000 11 15.2 15.2
11111111111011 11 13.3 13.3
00000000000011 11 11.4 11.4
00000000001100 13 15.2 15.2
00000000000101 13 13.3 13.3
00000000001001 14 15.2 15.2
00000000001010 14 13.3 13.3
11111111111110 24 9.5 9.5
11111111111101 26 13.3 13.3
00001100000000 27 15.2 15.2
00000000000100 30 13.3 13.3
00000000010000 39 13.3 13.3
00000000100000 42 13.3 13.3
00000000000001 44 9.5 9.5
00000010000000 49 11.4 11.4
00000000000010 55 13.3 13.3
01000000000000 55 13.3 13.3
00000001000000 64 11.4 11.4
10000000000000 69 9.5 9.5
00010000000000 76 13.3 13.3
00000100000000 80 13.3 13.3
00001000000000 87 13.3 13.3
00100000000000 95 13.3 13.3
11111111111111 333 3.8 3.8
00000000001000 710 13.3 13.3
00000000000000 16528 3.8 3.8