1111111111111111111 0.0 -0.855 -1.405
1111111111111111110 4.3 -2.209 -3.216
1111111111111111000 5.7 -2.843 -4.258
1111111111111111101 7.2 -2.702 -4.258
1111111011111111110 8.6 -2.494 -4.258
1111111111111000110 10.0 -2.826 -4.258
1111111011111001110 11.4 -3.216 -4.258
1111111011111000110 12.9 -3.355 -4.258
0001111101100000110 14.3 -3.304 -4.258
0011111101100000110 15.7 -2.896 -4.258
0111110101100000110 17.1 -2.936 -4.258
0100111011110001101 18.6 -3.957 -4.258
1011110001100101001 20.0 -4.258 -4.258