00000000000000000000 0.0 -1.078 -3.413
10000000000000000000 4.3 -2.702 -4.258
00000000001111111111 5.7 -1.173 -3.781
00000000011111111110 7.1 -2.726 -4.258
11110000000000001111 8.6 -1.404 -4.258
00000001001111111111 10.0 -2.726 -4.258
00000111101111100000 11.4 -2.878 -4.258
10000111101111100000 12.9 -3.179 -4.258
00000011101111100011 14.3 -3.258 -4.258
00000011101111100010 15.7 -3.48 -4.258
01110100111111011000 17.2 -3.781 -4.258
10011111001011010000 18.5 -3.781 -4.258
01101111000010110001 20.0 -4.258 -4.258