0000010000100010000 1 17.0 17.0
0001001100001100001 1 21.2 21.2
0000010010101001000 1 21.2 21.2
0001011010000000100 1 25.5 25.5
0000000011110011000 1 23.4 23.4
1110110111110111111 1 17.0 17.0
0001010101101010011 1 23.4 23.4
1011110110111011100 1 25.5 25.5
1111111111101011110 1 19.1 19.1
0000001000010000100 1 17.0 17.0
0000000111111011000 1 23.4 23.4
0000000010100000010 1 21.2 21.2
0010000010100000110 1 25.5 25.5
0000001010100000011 1 19.1 19.1
1010101011000100101 1 27.6 27.6
1000000110001010010 1 29.7 29.7
1001000000000010100 1 23.4 23.4
0000101000000001001 1 23.4 23.4
0000010000000001001 1 21.2 21.2
1100011011111111110 1 21.2 21.2
1000010000000000000 1 17.0 17.0
0000000000111010000 1 21.2 21.2
0000111111010000100 1 25.5 25.5
0100010001000001000 1 21.2 21.2
0010000010001101000 1 23.4 23.4
0000000001100000010 1 21.2 21.2
1100101000000000000 1 19.1 19.1
0000000111000000000 1 17.0 17.0
0011111111111000111 1 19.1 19.1
0100011010000010000 1 25.5 25.5
0001000000010100100 1 23.4 23.4
0011110000100101100 1 27.6 27.6
0100000110110000000 1 25.5 25.5
0101010101001000011 1 21.2 21.2
0000000001010010100 1 19.1 19.1
0101010110000000010 1 25.5 25.5
0000100010100000001 1 21.2 21.2
0000100000000100010 1 23.4 23.4
1100011111110001010 1 25.5 25.5
1010100100010010101 1 25.5 25.5
0001101010000010010 1 27.6 27.6
0000010000010000110 1 21.2 21.2
0000001101100001100 1 25.5 25.5
0000001011111100000 1 21.2 21.2
0001101100010101110 1 29.7 29.7
0000111111111000110 1 21.2 21.2
0000010000001010110 1 25.5 25.5
0010001000100011000 1 21.2 21.2
0000001001010000100 1 21.2 21.2
0010111010101110110 1 25.5 25.5
0100110100100100100 1 21.2 21.2
0101111001110000110 1 29.7 29.7
0001111100101000110 1 27.6 27.6
0000000000010010010 1 17.0 17.0
0010110011010010100 1 25.5 25.5
0000000000101000110 1 23.4 23.4
0000000000010101000 1 17.0 17.0
0010011111000000110 1 27.6 27.6
0000010000000001000 1 19.1 19.1
1111111101110101110 1 21.2 21.2
0101010111010100110 1 25.5 25.5
0000001001010000101 1 23.4 23.4
0000100000010101000 1 21.2 21.2
1110111011111011101 1 19.1 19.1
1111111101011111111 1 17.0 17.0
0100010101100001000 1 27.6 27.6
0001111011100000110 1 25.5 25.5
0000001011000000000 1 21.2 21.2
0001110001101101110 1 25.5 25.5
1111011101111111111 1 14.9 14.9
0011001010000011000 1 25.5 25.5
1000001000001000000 1 14.9 14.9
0000000001000100001 1 19.1 19.1
0000100101111100001 1 23.4 23.4
1011100011111001100 1 27.6 27.6
1001101011001010101 1 27.6 27.6
0000000010011100000 1 21.2 21.2
1111111111110111100 1 17.0 17.0
0000000000000001111 1 12.7 12.7
1000000000000111111 1 14.9 14.9
0000000101100000010 1 21.2 21.2
0101100101001001010 1 27.6 27.6
1010100100010000000 1 21.2 21.2
0010101010001110001 1 23.4 23.4
0000000100001010010 1 23.4 23.4
0000000100000110001 1 21.2 21.2
1000000010010000000 1 19.1 19.1
0000001100111001001 1 25.5 25.5
0100010100100100000 1 23.4 23.4
0000010000000010010 1 23.4 23.4
0111111111111001011 1 21.2 21.2
0000000101000001000 1 23.4 23.4
0000010101000100000 1 21.2 21.2
0000000101000000001 1 19.1 19.1
0101011010101001001 1 23.4 23.4
0100101000001010000 1 23.4 23.4
1111111111111100101 1 19.1 19.1
1100000000110000000 1 17.0 17.0
0000100001100001100 1 21.2 21.2
0000000001010011000 1 23.4 23.4
1000011000000000010 1 23.4 23.4
0000011000000100000 1 21.2 21.2
0011111111111111000 1 17.0 17.0
1111111110111011111 1 17.0 17.0
0010111011101011100 1 23.4 23.4
0100101011010101101 1 25.5 25.5
1000101001001000101 1 25.5 25.5
0011000000000000000 1 17.0 17.0
0000000011000101111 1 25.5 25.5
1111111101111101001 1 23.4 23.4
0000000001111110000 1 17.0 17.0
1000000000001001111 1 21.2 21.2
1101010011110010110 1 27.6 27.6
1111111111111001100 1 19.1 19.1
0000000100010011010 1 25.5 25.5
0001101111111111111 1 19.1 19.1
0000010011000000000 1 21.2 21.2
0100000111100010011 1 29.7 29.7
0101001100110001011 1 25.5 25.5
0000001110001000000 1 21.2 21.2
0100001000110111111 1 25.5 25.5
1111111110111100101 1 23.4 23.4
1111111011111011101 1 21.2 21.2
1111111111110000110 1 19.1 19.1
0011111010110001111 1 25.5 25.5
0111111111110101110 1 21.2 21.2
0000100000000100101 1 23.4 23.4
1111111011111111110 1 17.0 17.0
0000011100100000000 1 21.2 21.2
0000000111111100011 1 19.1 19.1
0001100001001111000 1 25.5 25.5
1111111101001110110 1 25.5 25.5
0000001001111111110 1 19.1 19.1
0000010011010111011 1 25.5 25.5
0111111100101101100 1 25.5 25.5
1110111111111010101 1 21.2 21.2
0000000110110100001 1 23.4 23.4
0000010100000100000 1 19.1 19.1
0000010001100000010 1 23.4 23.4
0000000101100000111 1 23.4 23.4
0000001001110000100 1 25.5 25.5
0001011111100000000 1 21.2 21.2
0100000000001100000 1 21.2 21.2
1100101010110101100 1 25.5 25.5
0010010100000010000 1 23.4 23.4
0000101000000000010 1 21.2 21.2
0000110010110100110 1 29.7 29.7
1011101011101101101 1 25.5 25.5
0000000010000000001 1 17.0 17.0
1111111111011111011 1 17.0 17.0
1101011101110010100 1 25.5 25.5
0100010000010000000 1 21.2 21.2
0000001010000001000 1 21.2 21.2
0000000000001000010 1 19.1 19.1
0100100010000000001 1 23.4 23.4
0000010000000000100 1 19.1 19.1
1111111111111110101 1 14.9 14.9
0000001010001000001 1 21.2 21.2
0000000000000011100 1 17.0 17.0
0000001110100000100 1 25.5 25.5
0000001011110000110 1 27.6 27.6
1010000000000000000 1 14.9 14.9
0001010101010101101 1 21.2 21.2
1001010101100101001 1 27.6 27.6
0000011001100100000 1 21.2 21.2
1110111011111011100 1 21.2 21.2
0100000000011010000 1 23.4 23.4
0010000000001001001 1 23.4 23.4
0000001000100000010 1 21.2 21.2
0101000000100101000 1 23.4 23.4
1000001000000111100 1 25.5 25.5
1001011000100101101 1 25.5 25.5
0100001011101101010 1 29.7 29.7
0000000001010000101 1 21.2 21.2
1101000101010010000 1 23.4 23.4
0111111111101111110 1 19.1 19.1
0001011111110001010 1 23.4 23.4
0001000001000010000 1 19.1 19.1
0110001000100101010 1 25.5 25.5
0000001111100101111 1 23.4 23.4
1001100100100001000 1 25.5 25.5
0000010101100010000 1 21.2 21.2
0011000010000000000 1 21.2 21.2
0000001000110000000 1 19.1 19.1
0000000001000000001 1 14.9 14.9
0000100011100001100 1 23.4 23.4
0100000010010000000 1 21.2 21.2
1110011111111111111 1 17.0 17.0
0000100001000000111 1 19.1 19.1
0000000000001101110 1 21.2 21.2
0000000010001100101 1 23.4 23.4
0001000101010000110 1 25.5 25.5
0000001001101011001 1 25.5 25.5
0100000000000000010 1 21.2 21.2
0100010010110001010 1 27.6 27.6
0111111111111100110 1 19.1 19.1
0000010001100111110 1 23.4 23.4
0000111110111111110 1 21.2 21.2
0000001000001100101 1 23.4 23.4
0100010010010100110 1 29.7 29.7
0000100000100000001 1 19.1 19.1
1101110111101101000 1 27.6 27.6
1000001011000000000 1 23.4 23.4
1011111111111111111 1 14.9 14.9
0100011000100101000 1 27.6 27.6
1011000010010000000 1 25.5 25.5
0001001000000010001 1 23.4 23.4
0000110001001010100 1 25.5 25.5
1101010110110101111 1 23.4 23.4
0000100000000010000 1 17.0 17.0
0000001010000111111 1 21.2 21.2
0000000010100010101 1 19.1 19.1
0001111111001110011 1 21.2 21.2
0000001010101000101 1 21.2 21.2
0000001011100001110 1 27.6 27.6
1010000010100011100 1 27.6 27.6
0000000100100010010 1 21.2 21.2
0000010111100000000 1 21.2 21.2
0110000010000000000 1 21.2 21.2
0110110001011011101 1 29.7 29.7
0000000000000101111 1 17.0 17.0
0010000000001000000 1 19.1 19.1
1000000100000111111 1 21.2 21.2
0000100000011000000 1 21.2 21.2
0001101010111001110 1 25.5 25.5
1111111000001101110 1 23.4 23.4
1101110010110111100 1 27.6 27.6
0100000010000101000 1 23.4 23.4
0000001101111001100 1 27.6 27.6
0100110001011001000 1 29.7 29.7
0111100010111111110 1 23.4 23.4
0000011100000000000 1 17.0 17.0
0001111001101010111 1 25.5 25.5
0001000000010000110 1 23.4 23.4
0000011001100100001 1 23.4 23.4
0000000000001100111 1 19.1 19.1
1011111111111111101 1 21.2 21.2
0000000000001110011 1 19.1 19.1
0100000000000001000 1 21.2 21.2
0000000000001101101 1 19.1 19.1
1101111101111101011 1 21.2 21.2
0000011001110000110 1 23.4 23.4
0000000001110110000 1 23.4 23.4
0110111110110100011 1 27.6 27.6
0000111011111000000 1 23.4 23.4
0100110000011010100 1 27.6 27.6
1000000000000001100 1 17.0 17.0
0111101101101000111 1 25.5 25.5
1111111101001111111 1 19.1 19.1
0100000000010000001 1 21.2 21.2
1000000010010010000 1 19.1 19.1
0101011011110111000 1 25.5 25.5
1010111100110110101 1 27.6 27.6
0000000000100100110 1 21.2 21.2
0000000011101000000 1 21.2 21.2
0000110110000000000 1 21.2 21.2
1111111110111111110 1 14.9 14.9
0010010000101000000 1 23.4 23.4
0000001011100000000 1 21.2 21.2
0100000111110110001 1 29.7 29.7
0000000111110011110 1 21.2 21.2
0000010100010000000 1 19.1 19.1
1101111111110001110 1 25.5 25.5
1010101010100111011 1 23.4 23.4
1111101110111011111 1 17.0 17.0
1111111111111001001 1 19.1 19.1
0001001100001100111 1 25.5 25.5
0000101101100000000 1 21.2 21.2
0000000010010011000 1 21.2 21.2
0000010111000000000 1 21.2 21.2
1111011110111111111 1 14.9 14.9
0000100001000000110 1 21.2 21.2
1001001001001101101 1 21.2 21.2
0000001001010010001 1 23.4 23.4
0000000000000011011 1 17.0 17.0
1110100011110010111 1 29.7 29.7
0101000010010001000 1 25.5 25.5
1111111011110001110 1 21.2 21.2
1000001000011000000 1 21.2 21.2
0000011100101110001 1 27.6 27.6
0011001010000001000 1 27.6 27.6
0010000010000010011 1 21.2 21.2
0000100000000011000 1 21.2 21.2
0110000001000000101 1 23.4 23.4
1100011111110111111 1 21.2 21.2
0011100011000000011 1 23.4 23.4
1111111111111000101 1 19.1 19.1
1111111001101111010 1 27.6 27.6
0100101011000101000 1 29.7 29.7
0000000000000011000 1 17.0 17.0
1111011101110111111 1 14.9 14.9
0000001000110000010 1 21.2 21.2
1111011111110011110 1 23.4 23.4
0000101110001000100 1 25.5 25.5
0000000010000110110 1 23.4 23.4
1000000000000001000 1 17.0 17.0
1111111111111011010 1 17.0 17.0
0000000010110100000 1 21.2 21.2
0000000100000110101 1 23.4 23.4
0001010001100001000 1 25.5 25.5
0000000001110001110 1 21.2 21.2
0010010100010000100 1 25.5 25.5
0100000000000001100 1 21.2 21.2
0001000000000000100 1 21.2 21.2
1111111111111010110 1 19.1 19.1
0100010001100010010 1 27.6 27.6
1010010000100001100 1 25.5 25.5
1100101011010010110 1 27.6 27.6
0000001101010000100 1 27.6 27.6
1111111111011011011 1 14.9 14.9
0000010000110100001 1 21.2 21.2
1111011001010101001 1 27.6 27.6
1111011111111100111 1 21.2 21.2
1101111100111011111 1 21.2 21.2
0001011011111011111 1 21.2 21.2
1001111111011111110 1 21.2 21.2
1000111110011010110 1 31.9 31.9
0100000000010001000 1 21.2 21.2
1001001111111111111 1 19.1 19.1
1111111111100111100 1 19.1 19.1
0000011000000000010 1 21.2 21.2
0000011001101000010 1 25.5 25.5
0000000011000001100 1 21.2 21.2
0000000110000100000 1 21.2 21.2
0010001000100110010 1 23.4 23.4
1111101111111101010 1 21.2 21.2
1001000110001000010 1 27.6 27.6
0110100101011101101 1 29.7 29.7
0001001001001101000 1 19.1 19.1
0001000011101000000 1 27.6 27.6
0000000000100011100 1 19.1 19.1
1111110011111101010 1 21.2 21.2
0000001001110000000 1 21.2 21.2
0001111111001000100 1 23.4 23.4
0010101011001101100 1 23.4 23.4
1010101111010111001 1 27.6 27.6
1111111101111001000 1 21.2 21.2
0000100000100000000 1 17.0 17.0
0000000000100001010 1 21.2 21.2
1001101000101011110 1 27.6 27.6
0000000000001111010 1 19.1 19.1
0000110101100000100 1 25.5 25.5
0000100010000000110 1 21.2 21.2
0001010000000001000 1 21.2 21.2
1000000100000000000 1 17.0 17.0
0101110110111011000 1 23.4 23.4
0100010001010000000 1 21.2 21.2
0100101011100101000 1 27.6 27.6
0001000001000000100 1 21.2 21.2
0001001000010000000 1 19.1 19.1
0000000001010000010 1 21.2 21.2
0001010100000010000 1 21.2 21.2
0000000000000011101 1 19.1 19.1
1000001010100011110 1 25.5 25.5
1111111111101110101 1 19.1 19.1
1111011111111000010 1 25.5 25.5
0100000000011010001 1 27.6 27.6
1111111011111111111 1 14.9 14.9
0001010001100000110 1 27.6 27.6
0000001010100110000 1 23.4 23.4
0011110110010011001 1 27.6 27.6
0000100010010111000 1 23.4 23.4
0000111011010000110 1 23.4 23.4
0000101000100101001 1 25.5 25.5
0100100011111110101 1 27.6 27.6
0010010000001100000 1 21.2 21.2
1111111110111111100 1 17.0 17.0
1000100011000001000 1 23.4 23.4
0011111111110111110 1 19.1 19.1
0000011011100100001 1 25.5 25.5
0000111001010001001 1 27.6 27.6
0111101111111111100 1 21.2 21.2
0000000000010010000 1 17.0 17.0
0000001000100000111 1 21.2 21.2
0011000001000000000 1 21.2 21.2
0001010001000000100 1 23.4 23.4
0100001001100110001 1 27.6 27.6
0000100001001000000 1 19.1 19.1
1000000000101000000 1 19.1 19.1
1110111001011001110 1 23.4 23.4
1000100101100101000 1 25.5 25.5
0111010101110101001 1 25.5 25.5
1111110111101000010 1 27.6 27.6
0101101101100100111 1 23.4 23.4
1000111111010001010 1 25.5 25.5
1001010101100100100 1 23.4 23.4
0011001000010000100 1 23.4 23.4
0000001010100000000 1 17.0 17.0
1001110011000101111 1 27.6 27.6
0000010001000000100 1 21.2 21.2
0001000010101101000 1 25.5 25.5
0001010111101011111 1 21.2 21.2
0000110001000000100 1 25.5 25.5
0100101101101101011 1 23.4 23.4
1000000001010100001 1 21.2 21.2
0001010101000000000 1 17.0 17.0
0000010000000010000 1 17.0 17.0
1001001010000011000 1 27.6 27.6
0000000010010000010 1 21.2 21.2
0100001001100000000 1 25.5 25.5
0101000111011100111 1 27.6 27.6
0011010001101100011 1 25.5 25.5
1000111011000101001 1 29.7 29.7
0010001000001000010 1 27.6 27.6
0001010011001001000 1 23.4 23.4
0100000001010000000 1 19.1 19.1
1011111111011001011 1 25.5 25.5
0000001100110000001 1 21.2 21.2
0000000110010011001 1 23.4 23.4
1010100001001000100 1 27.6 27.6
0000000110110011010 1 25.5 25.5
0100001000001101011 1 29.7 29.7
0010001000101100111 1 25.5 25.5
0000000010100001000 1 23.4 23.4
0000000100110010010 1 21.2 21.2
0111111111111100101 1 21.2 21.2
0100000000001010100 1 21.2 21.2
0000100100001100010 1 25.5 25.5
1111100101111111111 1 19.1 19.1
0110111111111111101 1 23.4 23.4
1111111101001111110 1 21.2 21.2
0001111101110100110 1 25.5 25.5
0000000001101010000 1 21.2 21.2
1100100011001010000 1 25.5 25.5
1111110111111111011 1 19.1 19.1
0000000100001001000 1 19.1 19.1
0010100010001101001 1 25.5 25.5
0001000000010000010 1 23.4 23.4
0000010100110100110 1 23.4 23.4
0010010000010100100 1 21.2 21.2
0010100011000000100 1 25.5 25.5
1101111010111111110 1 23.4 23.4
1010110011001100011 1 25.5 25.5
0001000100001100110 1 23.4 23.4
0110000111000110100 1 29.7 29.7
0000000001000110000 1 19.1 19.1
1101111111110001101 1 27.6 27.6
1000001010000000000 1 19.1 19.1
1111111110100111111 1 19.1 19.1
0101001000000101000 1 23.4 23.4
1001111001100101111 1 27.6 27.6
1111111111110001101 1 21.2 21.2
0001011100111000000 1 23.4 23.4
0010000111111111100 1 23.4 23.4
0011000000001101000 1 25.5 25.5
0001000010100101001 1 23.4 23.4
0000101000010001010 1 21.2 21.2
0000000011100000100 1 23.4 23.4
0000000001101000000 1 21.2 21.2
1001110011010101000 1 25.5 25.5
1111011111101111111 1 14.9 14.9
0000000000101100000 1 19.1 19.1
0010011011011010101 1 21.2 21.2
0100101010100101000 1 23.4 23.4
0000000000011110111 1 19.1 19.1
0000000100100010000 1 19.1 19.1
0101110000000000000 1 19.1 19.1
0001100001000000000 1 19.1 19.1
0000110000100000000 1 19.1 19.1
0000011001000000100 1 25.5 25.5
0000011000000000100 1 21.2 21.2
0000000000001101111 1 19.1 19.1
0000011011111110111 1 23.4 23.4
1000000100100010010 1 23.4 23.4
1010001010100001010 1 25.5 25.5
0001000010101000000 1 23.4 23.4
0000110001000000001 1 21.2 21.2
0001100000100000000 1 21.2 21.2
0000000000011111111 1 12.7 12.7
0100000000000000001 1 17.0 17.0
0100100100101101100 1 21.2 21.2
0010001001100010100 1 25.5 25.5
0000000001010100010 1 21.2 21.2
1100100011101000100 1 29.7 29.7
1111111110100111010 1 21.2 21.2
0100000010000000000 1 19.1 19.1
1010010000001111111 1 21.2 21.2
0000101000100000100 1 21.2 21.2
0010100100001100000 1 25.5 25.5
0101111110100101000 1 25.5 25.5
1111111111111001010 1 19.1 19.1
0000101001000000001 1 21.2 21.2
0000000010000100110 1 23.4 23.4
0001010001100000000 1 23.4 23.4
0010100100100000000 1 19.1 19.1
0000001101000111101 1 27.6 27.6
0100001100110101111 1 29.7 29.7
0100000000001101010 1 25.5 25.5
0100000011000000000 1 21.2 21.2
1001010010100001000 1 23.4 23.4
1111111111111011011 1 14.9 14.9
0000101101000101110 1 25.5 25.5
0001100000000011010 1 25.5 25.5
0000000011010000100 1 25.5 25.5
0000011110100100011 1 25.5 25.5
0000100000001000000 1 17.0 17.0
0000001010000011000 1 23.4 23.4
0100000010100000000 1 21.2 21.2
0000010010100000001 1 21.2 21.2
1011010100010000001 1 27.6 27.6
1111111111010111111 1 17.0 17.0
0000000000011111100 1 17.0 17.0
0000100110101001010 1 25.5 25.5
0000010101000000100 1 21.2 21.2
0010001000000000000 1 17.0 17.0
1010100011000010011 1 29.7 29.7
0100000000000010000 1 21.2 21.2
0000001010000000001 1 19.1 19.1
1100010000000000000 1 17.0 17.0
1001111001110011110 1 23.4 23.4
0000010001001000000 1 19.1 19.1
0101001101101110101 1 25.5 25.5
0000001000000000010 1 19.1 19.1
1001010100101010000 1 21.2 21.2
0011110100101011111 1 23.4 23.4
0001010000000000010 1 21.2 21.2
0000111001100000010 1 27.6 27.6
1111111111001111111 1 17.0 17.0
0000011000010000100 1 21.2 21.2
1111111111110110100 1 19.1 19.1
0010111010000000000 1 21.2 21.2
1101111111111101110 1 23.4 23.4
0111101101111010010 1 27.6 27.6
0000100010000101010 1 21.2 21.2
0000000000100000001 1 17.0 17.0
0111111011110011111 1 21.2 21.2
0001111001110000110 1 23.4 23.4
0010101000000100000 1 21.2 21.2
0000001101001100100 1 25.5 25.5
0011111011110000110 1 25.5 25.5
1010100010110001100 1 25.5 25.5
1001010101011000000 1 23.4 23.4
0101001010101001010 1 21.2 21.2
0001010010100011100 1 25.5 25.5
0010010000000010000 1 21.2 21.2
0001001001010000010 1 23.4 23.4
1101010010011000000 1 25.5 25.5
0001000110101110010 1 29.7 29.7
1111101101111100111 1 23.4 23.4
0111111111101111111 1 17.0 17.0
0000000100110001000 1 19.1 19.1
0000011001110000010 1 25.5 25.5
0000010010001010001 1 25.5 25.5
1001010100101010100 1 21.2 21.2
0000000010010010000 1 17.0 17.0
1111101111111111111 1 14.9 14.9
0000010010010111001 1 25.5 25.5
0011100001000001000 1 25.5 25.5
1001010010100101001 1 21.2 21.2
0000010100010100100 1 23.4 23.4
1111111111111110100 1 14.9 14.9
0000000100000000010 1 19.1 19.1
0000001100101100000 1 25.5 25.5
0000000001000100010 1 17.0 17.0
0011111101111100110 1 23.4 23.4
0000100111110001100 1 25.5 25.5
0101000010000011000 1 27.6 27.6
0000000001000000010 1 19.1 19.1
0000110000100010000 1 21.2 21.2
0000000110100000101 1 27.6 27.6
0111011010110111111 1 23.4 23.4
1111111111111111001 1 14.9 14.9
0100000010110000000 1 23.4 23.4
0000000001010000100 1 21.2 21.2
0000010111011010001 1 27.6 27.6
0000111001110000010 1 25.5 25.5
0110111111111111000 1 21.2 21.2
1111111101111001111 1 19.1 19.1
0000000111110001111 1 19.1 19.1
0000100000000011001 1 23.4 23.4
1111111010111111111 1 17.0 17.0
0000010111111100011 1 23.4 23.4
1010111011010101010 1 21.2 21.2
0000010101101000010 1 25.5 25.5
0100000101000001100 1 25.5 25.5
0001001010000000110 1 25.5 25.5
0100100000100100100 1 21.2 21.2
1111111111100001110 1 19.1 19.1
0001011101111001000 1 25.5 25.5
0010000000001111111 1 19.1 19.1
0000000111100011101 1 25.5 25.5
0100111000100001101 1 31.9 31.9
1011111101111111111 1 19.1 19.1
0010000000011000101 1 27.6 27.6
0100101010111001011 1 25.5 25.5
1000010101001001010 1 25.5 25.5
0110101101010101011 1 21.2 21.2
0000001100000000001 1 17.0 17.0
1000001000010000001 1 21.2 21.2
0000000011110001000 1 21.2 21.2
0000000001000000110 1 21.2 21.2
1000000010000100000 1 17.0 17.0
0100001001100101000 1 27.6 27.6
0000000011000000001 1 17.0 17.0
0000000010010100000 1 19.1 19.1
0000000000010110010 1 21.2 21.2
0000010010001000000 1 19.1 19.1
0000001111010000000 1 21.2 21.2
1011111111111011101 1 23.4 23.4
1001010010010100010 1 25.5 25.5
0000001001001000100 1 21.2 21.2
1101101100111101001 1 27.6 27.6
0000000100000010000 1 14.9 14.9
0000011110110110000 1 23.4 23.4
1101101010101111010 1 23.4 23.4
1001010101000000000 1 19.1 19.1
0000000000010100011 1 19.1 19.1
1101110110111011000 1 23.4 23.4
1111110111111110010 1 23.4 23.4
1000000000000000111 1 14.9 14.9
0010001010000011000 1 27.6 27.6
0111001000101001001 1 27.6 27.6
0001011011110001001 1 31.9 31.9
0000101000010000001 1 21.2 21.2
0010110101010110110 1 25.5 25.5
0000000010000111111 1 19.1 19.1
1000100000000000000 1 17.0 17.0
0000011000000000001 1 17.0 17.0
0000100110101101010 1 23.4 23.4
0100101010010110000 1 27.6 27.6
1111111111011101111 1 14.9 14.9
1010101100101000010 1 27.6 27.6
1011111111111110111 1 21.2 21.2
0000001000100111111 1 21.2 21.2
0100010001011010101 1 23.4 23.4
0000100001000010000 1 12.7 12.7
0000010011011001010 1 25.5 25.5
0111111111001011110 1 23.4 23.4
0111111111111011101 1 19.1 19.1
0100101010100100101 1 25.5 25.5
0000001000000011110 1 21.2 21.2
0001111011110011000 1 25.5 25.5
0000001000100000001 1 19.1 19.1
0001111111111000010 1 21.2 21.2
0100001010000100110 1 27.6 27.6
0000000000010001110 1 21.2 21.2
1000000000010010001 1 21.2 21.2
1110111001111101111 1 21.2 21.2
1001010010001010101 1 25.5 25.5
0000000000110000010 1 21.2 21.2
0000110001100101000 1 25.5 25.5
0000010101000000000 1 17.0 17.0
0010000010011101000 1 25.5 25.5
0100100010000100010 1 25.5 25.5
0000001001010000010 1 21.2 21.2
1100000111111111100 1 21.2 21.2
0000001010101100000 1 19.1 19.1
0000011001100100100 1 21.2 21.2
1111101101001101101 1 23.4 23.4
0000010011100000110 1 23.4 23.4
1111111110100101010 1 21.2 21.2
0001001100000000011 1 23.4 23.4
1001001001001001010 1 19.1 19.1
1010001010101000000 1 21.2 21.2
1101101011111111010 1 25.5 25.5
0000000000101010100 1 14.9 14.9
0010001010000010000 1 23.4 23.4
1111111111101100111 1 19.1 19.1
0100001000000000110 1 25.5 25.5
0000000000001111100 1 17.0 17.0
0000000000000100010 1 17.0 17.0
0010010100000101000 1 21.2 21.2
0000101000001101101 1 25.5 25.5
0100110100100110010 1 29.7 29.7
0011111101111111111 1 17.0 17.0
0010110011111111101 1 25.5 25.5
1111111111111100011 1 17.0 17.0
0001001100100110001 1 21.2 21.2
1111011111010010101 1 25.5 25.5
1010000000010001101 1 27.6 27.6
0001001011111101110 1 23.4 23.4
0000000110011111111 1 21.2 21.2
0010001000001100010 1 27.6 27.6
0011101010011110011 1 27.6 27.6
0011111111011111111 1 14.9 14.9
0100100010101000000 1 25.5 25.5
0001010000000100001 1 23.4 23.4
0000001100110100000 1 21.2 21.2
0000000101010000000 1 17.0 17.0
0001111100000000000 1 17.0 17.0
0111010010010110100 1 25.5 25.5
0000001000001000111 1 19.1 19.1
0000011010000000000 1 19.1 19.1
0100000101010110101 1 27.6 27.6
0100110011111111101 1 27.6 27.6
0000010000001001011 1 23.4 23.4
0100010111101101110 1 29.7 29.7
0011000000000010000 1 21.2 21.2
1101111111001010101 1 25.5 25.5
1001011000000110100 1 31.9 31.9
0001000001100000000 1 23.4 23.4
0000100000101000101 1 23.4 23.4
0100010001100111110 1 25.5 25.5
0000000000001010000 1 17.0 17.0
0000100000101000000 1 21.2 21.2
0000000011100001000 1 23.4 23.4
1111111100101111101 1 25.5 25.5
1111111111110111110 1 17.0 17.0
1101111111100010111 1 25.5 25.5
1010001001001010000 1 23.4 23.4
0100000000100101000 1 25.5 25.5
1100010101100010010 1 27.6 27.6
0000011000100000100 1 23.4 23.4
0000100010000000000 1 14.9 14.9
0000010010000010000 1 19.1 19.1
1000101000100100001 1 27.6 27.6
0000000001110010100 1 23.4 23.4
0100100010000001000 1 23.4 23.4
0000111011111001110 1 27.6 27.6
0111111111100000000 1 14.9 14.9
1111111101100101110 1 23.4 23.4
1000010100100110001 1 27.6 27.6
0010010110001110101 1 27.6 27.6
1100110111111011111 1 23.4 23.4
0001101011100000101 1 29.7 29.7
0100000000000100000 1 19.1 19.1
1010111101011111111 1 21.2 21.2
1101111001010111010 1 29.7 29.7
1100110010110100101 1 25.5 25.5
1111111100101100010 1 25.5 25.5
0000111111100011100 1 21.2 21.2
0001111100101100010 1 27.6 27.6
1111111101111111011 1 17.0 17.0
0000100100111011111 1 21.2 21.2
0101111100101111111 1 21.2 21.2
0100000100000000000 1 19.1 19.1
0000000000011000001 1 19.1 19.1
1010011100000011000 1 27.6 27.6
0011111111100101100 1 25.5 25.5
0001010100000001000 1 21.2 21.2
0000000001010110000 1 19.1 19.1
0000010011000100000 1 21.2 21.2
0000011001001000000 1 21.2 21.2
0000010100100000101 1 23.4 23.4
0100000001000010011 1 25.5 25.5
1111111101101111111 1 17.0 17.0
1111111110100001010 1 23.4 23.4
0000000001001000000 1 17.0 17.0
0000111000111011111 1 19.1 19.1
0001110000000000000 1 17.0 17.0
0000011100100001110 1 23.4 23.4
1001001001000100010 1 21.2 21.2
0111111111011111110 1 19.1 19.1
0000001100111101111 1 23.4 23.4
1000110011111011111 1 23.4 23.4
0000001000000001010 1 21.2 21.2
1010110010110101001 1 27.6 27.6
1001000010110000000 1 27.6 27.6
0101000011001101101 1 29.7 29.7
0111110110111001010 1 27.6 27.6
1100000010010010000 1 19.1 19.1
0001000100010000000 1 14.9 14.9
1001010001001000000 1 25.5 25.5
1101010111111010111 1 21.2 21.2
0011000011000101001 1 29.7 29.7
0010000001100001001 1 27.6 27.6
0000010100000000110 1 23.4 23.4
0000000000000011111 1 12.7 12.7
0101000100000010000 1 21.2 21.2
1000001000001010110 1 25.5 25.5
1001010000101000000 1 21.2 21.2
0010100010001000000 1 19.1 19.1
0000001000000010000 1 17.0 17.0
1101010010010001011 1 23.4 23.4
0011001101110100110 1 27.6 27.6
1111111111110101111 1 17.0 17.0
1111111001111111110 1 17.0 17.0
1011000111001111101 1 29.7 29.7
0110111111011101010 1 25.5 25.5
0001010010010100010 1 23.4 23.4
1011111111110100111 1 25.5 25.5
0000000010000000110 1 19.1 19.1
0000001100000000000 1 17.0 17.0
0000101111100100111 1 27.6 27.6
1000000100000000010 1 21.2 21.2
0001000000100000110 1 23.4 23.4
0000111110000000000 1 17.0 17.0
0000010001001100000 1 23.4 23.4
0000000100001000010 1 19.1 19.1
0000000000011100010 1 21.2 21.2
0000010000000000001 1 17.0 17.0
1000000000100000000 1 17.0 17.0
0010000000000100000 1 19.1 19.1
0000010000001010000 1 21.2 21.2
0000111101000000010 1 27.6 27.6
0000010000110100110 1 25.5 25.5
0010101000000000101 1 21.2 21.2
0000000000001100000 1 17.0 17.0
0101110011111110101 1 27.6 27.6
1101111100101111010 1 27.6 27.6
0000001101100100000 1 23.4 23.4
1100000100000010000 1 21.2 21.2
0100000111101001100 1 29.7 29.7
1000101010100000000 1 19.1 19.1
0100000001100100000 1 23.4 23.4
0100000001101000011 1 25.5 25.5
1000000000100001110 1 23.4 23.4
0010000011000000000 1 23.4 23.4
1111111011101011111 1 19.1 19.1
0000001001010100101 1 21.2 21.2
0100010000100000000 1 21.2 21.2
1111111011110111110 1 19.1 19.1
0001101111101010011 1 27.6 27.6
0000000011110001001 1 25.5 25.5
0000011111111011110 1 21.2 21.2
1010001000010100001 1 25.5 25.5
0000001001000010000 1 19.1 19.1
0010010000001010100 1 21.2 21.2
0101011010100101001 1 23.4 23.4
1000011001010001100 1 27.6 27.6
1010010100000000000 1 19.1 19.1
0100110101010111011 1 29.7 29.7
0001001000100000000 1 19.1 19.1
0001010011100001000 1 25.5 25.5
0001001000000110100 1 23.4 23.4
0001010010010101000 1 21.2 21.2
0000011010100000000 1 19.1 19.1
0000001001000000001 1 19.1 19.1
0100111001000001100 1 27.6 27.6
0000111101000000000 1 21.2 21.2
0000001100100100000 1 21.2 21.2
0011011011000100001 1 23.4 23.4
0010100000000010000 1 21.2 21.2
0000000001110000100 1 23.4 23.4
0000010010100001000 1 19.1 19.1
0000010110100000000 1 21.2 21.2
1010100101101100000 1 25.5 25.5
1110111110100111011 1 25.5 25.5
0000010000011101000 1 23.4 23.4
0000011001010101101 1 27.6 27.6
0000011110110000001 1 23.4 23.4
0000100001010100000 1 19.1 19.1
1000101000001000000 1 21.2 21.2
0001101100101110000 1 25.5 25.5
1111111110111011000 1 21.2 21.2
0101000001011111101 1 29.7 29.7
0001001001000001000 1 19.1 19.1
1000101101101001000 1 23.4 23.4
0010000000001000111 1 25.5 25.5
1001111101011101011 1 25.5 25.5
0001011001100000110 1 27.6 27.6
1111111111101101101 1 17.0 17.0
1001010000000000000 1 19.1 19.1
1101011000110101010 1 25.5 25.5
0001111110111111111 1 19.1 19.1
0110110011001000000 1 23.4 23.4
0111111111111110001 1 17.0 17.0
1011001010000011100 1 27.6 27.6
0101010100000101000 1 21.2 21.2
0010010000010001000 1 21.2 21.2
0010000010001000000 1 19.1 19.1
0000000000100010101 1 19.1 19.1
0010101010001000110 1 23.4 23.4
0000101000101001110 1 23.4 23.4
0100010000000000000 1 17.0 17.0
0010001000010101110 1 27.6 27.6
1111111011111001101 1 23.4 23.4
0000000111111001111 1 19.1 19.1
1111001011111111110 1 21.2 21.2
0010100011100110101 1 27.6 27.6
1100101010101101010 1 23.4 23.4
1010000000001000000 1 19.1 19.1
0111111111111100111 1 17.0 17.0
0000010001000100000 1 17.0 17.0
0000101100001110110 1 27.6 27.6
0000001000000001000 1 19.1 19.1
1110111011001101000 1 23.4 23.4
1111111111111000110 1 19.1 19.1
0100111011000111010 1 29.7 29.7
0000011001100001010 1 25.5 25.5
0001100010000000000 1 19.1 19.1
0000001100101101000 1 25.5 25.5
0100101000100001000 1 27.6 27.6
1101010101101010110 1 21.2 21.2
0111111111111111101 1 17.0 17.0
0000100000000010001 1 21.2 21.2
1110111111110111111 1 19.1 19.1
0000000010000011000 1 21.2 21.2
0000111100000000011 1 21.2 21.2
1111111110011000000 1 21.2 21.2
1111111100111011111 1 21.2 21.2
0011111111101001001 1 23.4 23.4
0100000101000000000 1 21.2 21.2
0000101001100000000 1 25.5 25.5
1011010010110101010 1 25.5 25.5
1101111111111011001 1 25.5 25.5
0000110101100000110 1 25.5 25.5
0001110001101101100 1 23.4 23.4
1000100010000000000 1 17.0 17.0
0000010000100010011 1 21.2 21.2
0110000000001000000 1 21.2 21.2
1110111011010110111 1 21.2 21.2
0110000000000000000 1 14.9 14.9
0000010001000000110 1 23.4 23.4
0000001001000001000 1 19.1 19.1
1111101101101111101 1 21.2 21.2
0010010100001001001 1 25.5 25.5
0000001000010000110 1 21.2 21.2
0100100001100001000 1 27.6 27.6
1111111101111111110 1 17.0 17.0
0000010000010100000 1 19.1 19.1
1111111111111011001 1 19.1 19.1
0000000001110000010 1 21.2 21.2
0100001000000000010 1 25.5 25.5
0101001001001100100 1 23.4 23.4
0000000000000111000 1 17.0 17.0
0100010001100111010 1 25.5 25.5
0000110001000000110 1 25.5 25.5
1111111111111110010 1 19.1 19.1
0000110011001000000 1 21.2 21.2
0000000101100000100 1 21.2 21.2
1010000101010000001 1 23.4 23.4
0010011010110100101 1 25.5 25.5
1111111111111101010 1 14.9 14.9
0000001000000000100 1 19.1 19.1
1111111111110111011 1 17.0 17.0
0000100000111000110 1 27.6 27.6
1111110101110100010 1 25.5 25.5
0000010000110000011 1 19.1 19.1
0000001011011111111 1 19.1 19.1
0001000010100000000 1 23.4 23.4
1111010111111111011 1 21.2 21.2
0000110101000000000 1 19.1 19.1
1011011011011100101 1 25.5 25.5
1110111011001100111 1 19.1 19.1
1101111011111111010 1 21.2 21.2
0010001101010010010 1 29.7 29.7
0011010000001000100 1 25.5 25.5
1111111111111100111 1 17.0 17.0
0000110000010010000 1 23.4 23.4
1010000000000100010 1 23.4 23.4
0000010000010010000 1 17.0 17.0
1000000000001000000 1 17.0 17.0
0010100100010100100 1 21.2 21.2
0100001000110000000 1 25.5 25.5
1010110101000100110 1 29.7 29.7
1001110101001101111 1 27.6 27.6
0001011000100000010 1 25.5 25.5
0000101011100001001 1 27.6 27.6
0000010000001000100 1 21.2 21.2
0000001110000101111 1 23.4 23.4
0000011001100001100 1 23.4 23.4
0000010000110100100 1 23.4 23.4
0000000111000010001 1 25.5 25.5
0001110101100000110 1 27.6 27.6
0011011000001001000 1 23.4 23.4
0101111011111110111 1 23.4 23.4
0000000111110000001 1 19.1 19.1
0111101100100101111 1 25.5 25.5
1010011010101100101 1 29.7 29.7
0000000000011111000 1 17.0 17.0
0011000000000001010 1 21.2 21.2
0101000101010101000 1 19.1 19.1
0110001010101101001 1 29.7 29.7
0000001111100010111 1 23.4 23.4
1001000100000001101 1 27.6 27.6
0100000000100000000 1 17.0 17.0
0000000010000100100 1 19.1 19.1
0000111001110001110 1 23.4 23.4
1111111111111101101 1 17.0 17.0
0001100000110000100 1 25.5 25.5
0000010011011000000 1 23.4 23.4
1111111110101111110 1 19.1 19.1
1111111111010101111 1 17.0 17.0
0101001011010110100 1 21.2 21.2
0001000001011001000 1 23.4 23.4
1011001010011000101 1 29.7 29.7
1110111111111101111 1 21.2 21.2
0000010100101000010 1 23.4 23.4
0010000010101010100 1 21.2 21.2
0000111011000000100 1 27.6 27.6
1011101010110100000 1 27.6 27.6
0000001111100000000 1 17.0 17.0
0011110110101111101 1 25.5 25.5
0000000000000100101 1 17.0 17.0
0001101010111110101 1 25.5 25.5
0000000001001001001 1 17.0 17.0
0000001001001001000 1 14.9 14.9
0000000110010000000 1 19.1 19.1
0000000000000001011 1 14.9 14.9
0001010001110001110 1 23.4 23.4
0000010100100110110 1 25.5 25.5
0000101011100000000 1 21.2 21.2
0001001010100000010 1 23.4 23.4
0001111001011101001 1 27.6 27.6
0001000100000010000 2 19.1 19.1
0000000010000000010 2 17.0 17.0
0000011000100000000 2 19.1 19.1
0010100010000000000 2 19.1 19.1
0000000100100110000 2 21.2 21.2
0000100000000001000 2 21.2 21.2
0000001100001000000 2 19.1 19.1
1111110111111010111 2 19.1 19.1
0000000001100010000 2 21.2 21.2
0000000011110000000 2 17.0 17.0
0000010000000000010 2 19.1 19.1
0000000000000001101 2 19.1 19.1
0000001000001001110 2 21.2 21.2
0001010000001001000 2 21.2 21.2
1111111111111100110 2 19.1 19.1
0000000011110000100 2 23.4 23.4
0000000010001100000 2 19.1 19.1
0001010001100000100 2 25.5 25.5
0000000000000000110 2 14.9 14.9
0000000001101000011 2 23.4 23.4
0000001101000000000 2 19.1 19.1
0000010000010000000 2 14.9 14.9
0000001011000001100 2 23.4 23.4
1111111111001101110 2 23.4 23.4
1000000000000100010 2 19.1 19.1
0000010000001000000 2 14.9 14.9
0010000000100000000 2 17.0 17.0
0010010000000000000 2 14.9 14.9
0000001101001100001 2 25.5 25.5
0000000001110100010 2 23.4 23.4
0001000000000010001 2 23.4 23.4
1001100000010001000 2 23.4 23.4
1111111111111110011 2 17.0 17.0
0000000001110000000 2 17.0 17.0
0000010001100000110 2 23.4 23.4
0000000001000001000 2 17.0 17.0
0100000000110000000 2 19.1 19.1
0000000000000001001 2 17.0 17.0
0000000100100000010 2 21.2 21.2
1111110111111111111 2 14.9 14.9
0000000000100100010 2 21.2 21.2
0000000111100000000 2 17.0 17.0
1000000000000000100 2 17.0 17.0
0010000000000001000 2 21.2 21.2
1000000000000000010 2 17.0 17.0
0000000001000000100 2 19.1 19.1
0010000101010011000 2 25.5 25.5
0100000000000000011 2 19.1 19.1
1111111111111100010 2 19.1 19.1
1111111110111110111 2 17.0 17.0
0000100000100000010 2 21.2 21.2
1000000010000000000 2 17.0 17.0
0101000000000000000 2 14.9 14.9
0000000000000101000 2 17.0 17.0
0000000100000100000 2 14.9 14.9
0000001101110000000 2 21.2 21.2
0001000000000010000 2 21.2 21.2
1111111111111110110 2 17.0 17.0
0000001101000000001 2 21.2 21.2
0001000101100000000 2 21.2 21.2
0000001000000100000 2 14.9 14.9
1000000000000010000 2 17.0 17.0
1000011000000000000 2 19.1 19.1
0000001000000000001 2 17.0 17.0
1101111111111111111 2 14.9 14.9
0000000001000100000 2 17.0 17.0
0000000000000001010 2 14.9 14.9
0100000001100010011 2 27.6 27.6
0000001101100000010 2 23.4 23.4
0000000000001000100 2 17.0 17.0
0000101001100001100 2 27.6 27.6
0000000100101000000 2 19.1 19.1
1111111111110001110 2 19.1 19.1
0000001101001100011 2 25.5 25.5
0000000010000100000 2 14.9 14.9
1110111111111111110 2 17.0 17.0
1111111111100001100 2 19.1 19.1
0000010000100000010 2 19.1 19.1
0000001011110001101 2 27.6 27.6
0000000001000010000 2 14.9 14.9
0001000000000100000 2 19.1 19.1
1001010100001001001 2 25.5 25.5
1000001111111111111 2 14.9 14.9
1111111111111010111 2 17.0 17.0
0000011001100000100 2 25.5 25.5
0010010010000000000 2 14.9 14.9
0000101000000001000 2 21.2 21.2
0000100000000000010 2 21.2 21.2
1111111111101101110 2 19.1 19.1
0000011001000101100 2 27.6 27.6
0000000000001000001 2 17.0 17.0
1111010110110111011 2 23.4 23.4
0000000001100001000 2 23.4 23.4
0000000000000010110 2 19.1 19.1
1111111111101111101 2 19.1 19.1
0000000100000000001 3 17.0 17.0
0000000000000010001 3 17.0 17.0
0000000110000000000 3 17.0 17.0
1110111111111111111 3 14.9 14.9
0000000100010000000 3 17.0 17.0
1111111111111001110 3 19.1 19.1
1111111111111111010 3 14.9 14.9
0000000000100010000 3 14.9 14.9
0000000000000010010 3 17.0 17.0
0010000001000000000 3 19.1 19.1
0000000000010100000 3 17.0 17.0
0000000000000111110 3 14.9 14.9
1111111111110010101 3 19.1 19.1
1000000001000000000 3 14.9 14.9
0000000010000001000 3 17.0 17.0
0000000000000110000 3 17.0 17.0
1111111111111101011 3 14.9 14.9
0000000000010011010 3 21.2 21.2
0000001000101000000 3 19.1 19.1
0000000000101000000 3 17.0 17.0
0100100000000000000 3 17.0 17.0
0000000000000001110 3 14.9 14.9
0000000000010000001 3 17.0 17.0
0000001000010000000 3 17.0 17.0
1111111111101101111 3 17.0 17.0
1100110111101001110 3 29.7 29.7
0001010001000000000 3 19.1 19.1
0000010000000100000 3 17.0 17.0
1000000000000000001 3 12.7 12.7
0001000000010000000 3 14.9 14.9
0000000101000000100 3 19.1 19.1
0000000000100100000 3 17.0 17.0
0000000000011000010 3 21.2 21.2
0010100000000000000 3 14.9 14.9
0000011001000000000 3 19.1 19.1
0100000000000000100 3 21.2 21.2
1111111111111101110 3 17.0 17.0
0000000000000010100 3 14.9 14.9
0000000000000000111 3 12.7 12.7
0000100000010000000 3 14.9 14.9
1100000000000000000 3 12.7 12.7
1111111110111111000 3 19.1 19.1
0001000010000000000 3 17.0 17.0
0000101000000000000 3 17.0 17.0
0000001101100000000 3 21.2 21.2
1111111110110011010 3 21.2 21.2
0011111111111111111 3 12.7 12.7
0000001000001000000 4 12.7 12.7
0000000000100000010 4 19.1 19.1
0000001001100000000 4 21.2 21.2
1111111110111111111 4 12.7 12.7
0010000000000000010 4 21.2 21.2
0000101000010000000 4 19.1 19.1
0000010001100001000 4 19.1 19.1
0001011000001001000 4 23.4 23.4
0000000000100001000 4 17.0 17.0
0001010000000000000 4 17.0 17.0
0001000101000000000 4 19.1 19.1
1111111111011111111 4 14.9 14.9
0000100101000000000 4 21.2 21.2
0000000000000100100 4 14.9 14.9
0000010100110000000 4 25.5 25.5
0100000000001000000 4 19.1 19.1
1111111111110111101 4 19.1 19.1
0000000000000100001 4 17.0 17.0
0000000100110000000 4 19.1 19.1
0000010001100000100 4 21.2 21.2
1111011111111111111 4 14.9 14.9
0000100001000000000 4 14.9 14.9
0000001010000000000 4 17.0 17.0
0000010001110000100 4 23.4 23.4
0000010101100000000 4 21.2 21.2
0000010100100000000 4 19.1 19.1
0000000000000001100 4 17.0 17.0
0000000000010000010 4 19.1 19.1
0000011001100000000 4 21.2 21.2
0000101001000000000 4 19.1 19.1
1111111111111111100 4 12.7 12.7
0000010110000000000 4 21.2 21.2
1111111111111011110 5 17.0 17.0
1111111101111111111 5 14.9 14.9
0000000010001000000 5 17.0 17.0
0000110000000000000 5 17.0 17.0
0000000001010000000 5 17.0 17.0
0000000000001001000 5 14.9 14.9
0000000010100000000 5 17.0 17.0
0000000010010000000 5 17.0 17.0
0000001000100000000 5 17.0 17.0
0000001001010000000 5 19.1 19.1
0000000000011000000 5 17.0 17.0
0000000000010000100 5 17.0 17.0
0000000000100000100 5 17.0 17.0
1111111111110111111 5 14.9 14.9
0000000010000010000 5 17.0 17.0
0000001001000000000 5 17.0 17.0
0000000000000000011 5 12.7 12.7
0000010001100000000 5 21.2 21.2
0000010000100000000 6 14.9 14.9
0000010100000000000 6 17.0 17.0
0000100100000000000 6 17.0 17.0
1111111111101111111 6 14.9 14.9
0000000000110000000 6 17.0 17.0
0000000110100000000 7 19.1 19.1
0000000011000000000 7 17.0 17.0
0000000011100000000 7 17.0 17.0
0111111111111111111 7 10.6 10.6
1111111111111011111 8 14.9 14.9
0001000100000000000 8 14.9 14.9
0010000010000000000 9 17.0 17.0
0000000000000000101 10 14.9 14.9
0000000101000000000 11 17.0 17.0
1111111111111110111 13 14.9 14.9
0000011000000000000 13 17.0 17.0
0000000100100000000 13 17.0 17.0
0000000101100000000 13 19.1 19.1
0000010001000000000 14 17.0 17.0
1111111111111101111 15 14.9 14.9
1111111111111111011 15 14.9 14.9
0100000000000000000 16 14.9 14.9
1111111111111111110 20 10.6 10.6
0000000001100000000 21 17.0 17.0
0000000000000001000 22 14.9 14.9
0000000000000000100 23 14.9 14.9
0000000000000010000 24 14.9 14.9
0000000000010000000 26 14.9 14.9
1111111111111111101 27 14.9 14.9
0000000000001000000 30 14.9 14.9
0001000000000000000 30 14.9 14.9
0000100000000000000 36 14.9 14.9
1000000000000000000 36 10.6 10.6
0000000000000100000 37 14.9 14.9
0000000000000000010 38 14.9 14.9
0000000000000000001 41 10.6 10.6
0000000000100000000 53 14.9 14.9
0000001000000000000 56 14.9 14.9
0000000010000000000 62 14.9 14.9
0000000100000000000 62 14.9 14.9
0000000001000000000 68 12.7 12.7
0000010000000000000 81 14.9 14.9
1111111111111111111 411 4.2 4.2
0010000000000000000 749 14.9 14.9
0000000000000000000 14404 4.2 4.2