11101 58 8.1 8.1
11011 61 7.0 7.0
10111 83 8.1 8.1
00100 88 7.0 7.0
01000 102 8.1 8.1
00010 111 8.1 8.1
10101 129 7.0 7.0
01010 158 7.0 7.0
11010 223 7.0 7.0
01001 267 9.3 9.3
01101 303 9.3 9.3
01011 306 7.0 7.0
10100 353 7.0 7.0
10110 356 9.3 9.3
00101 379 7.0 7.0
10010 385 9.3 9.3
10011 447 8.1 8.1
11001 464 8.1 8.1
00001 498 5.8 5.8
10000 507 5.8 5.8
10001 519 7.0 7.0
11110 559 5.8 5.8
01100 569 8.1 8.1
01111 732 5.8 5.8
00110 853 8.1 8.1
01110 867 7.0 7.0
00000 2574 2.3 2.3
11100 2645 7.0 7.0
11000 2775 7.0 7.0
00011 3046 7.0 7.0
00111 3624 7.0 7.0